0
0.238095
0.294726
0.325402
0.330757
0.337152
0.35102
0.35169
0.349616
0.337936
0.333942
0.333587
0.3325
0.331641
0.330397
0.330639
0.329507
0.328251
0.32835
0.328428
0.322663
0.32127
0.318315
0.319852
0.318984
0.319769
0.315929
0.315399
0.314243
0.314597
0.314216
0.313079
0.312557
0.312525
0.309017
0.307056
0.306023
0.305272
0.304094
0.304851
0.303968
0.303462
0.303553
0.302028
0.30176
0.301571
0.301721
0.300558
0.299902
0.300521
0.300361
0.300142
0.298114
0.297509
0.296605
0.296183
0.296478
0.296748
0.297242
0.29739
0.296275
0.296011
0.294975
0.295024
0.295894
0.294954
0.294721
0.293844
0.293261
0.293372
0.293296
0.292989
0.293322
0.291949
0.291754
0.291276
0.291184
0.290641
0.290592
0.28986
0.290192
0.290216
0.289983
0.289164
0.289047
0.289511
0.289423
0.289618
0.289709
0.289685
0.289548
0.289812
0.289675
0.288806
0.288951
0.289122
0.288884
0.288965
0.288696
0.2886
0.288419
