0.831858
0.843049
0.832517
0.833826
0.834726
0.82999
0.825288
0.82545
0.826319
0.825515
0.809537
0.799354
0.787073
0.776126
0.768119
0.760349
0.754957
0.748854
0.742928
0.739098
0.728181
0.718876
0.711051
0.703521
0.695997
0.689208
0.684916
0.677812
0.673471
0.667522
0.659593
0.654981
0.649351
0.641846
0.634966
0.628418
0.623767
0.618601
0.614641
0.610451
0.603436
0.597339
0.592741
0.587821
0.581465
0.576868
0.57274
0.568726
0.565088
0.560191
0.55394
0.548771
0.543208
0.538407
0.533628
0.530013
0.525959
0.521161
0.517299
0.513305
0.509035
0.505368
0.500542
0.496852
0.493409
0.490002
0.486925
0.484361
0.480657
0.477697
0.475473
0.472539
0.469905
0.467487
0.464885
0.462494
0.45985
0.457186
0.454798
0.453025
0.451472
0.449535
0.447616
0.445002
0.44347
0.442301
0.440016
0.438483
0.43681
0.434876
