0.820433
0.816901
0.820487
0.816944
0.817676
0.816872
0.815059
0.817385
0.821235
0.819792
0.80922
0.798777
0.787992
0.77938
0.770279
0.76659
0.758577
0.753608
0.749036
0.741857
0.73186
0.721937
0.712979
0.705353
0.700316
0.694577
0.688339
0.682677
0.677725
0.674461
0.668293
0.661568
0.655065
0.647731
0.641019
0.635376
0.630369
0.62507
0.620444
0.61615
0.609618
0.604426
0.599259
0.593889
0.588581
0.58389
0.578183
0.572491
0.568254
0.563543
0.558701
0.554234
0.550649
0.54552
0.541079
0.537042
0.533098
0.530262
0.525523
0.522519
0.519617
0.515897
0.512566
0.508627
0.505941
0.502699
0.49915
0.496209
0.492467
0.489596
0.486874
0.48505
0.48259
0.479785
0.477227
0.475879
0.47391
0.471946
0.469855
0.467958
0.465258
0.463923
0.462524
0.460524
0.458369
0.456838
0.45494
0.452941
0.451255
0.450211
