0.841615
0.819018
0.819473
0.818927
0.824268
0.828856
0.821752
0.824168
0.826058
0.823317
0.812227
0.797899
0.786934
0.77885
0.769492
0.76153
0.756723
0.752424
0.748025
0.74372
0.731628
0.722139
0.71274
0.706186
0.699699
0.691952
0.685905
0.680026
0.676571
0.671861
0.664895
0.657303
0.65118
0.644337
0.638031
0.632221
0.627745
0.622507
0.617627
0.611911
0.604633
0.599333
0.593525
0.587534
0.582472
0.577771
0.572653
0.568117
0.563745
0.559546
0.554729
0.55036
0.545588
0.540526
0.536835
0.53252
0.527781
0.523541
0.520811
0.517535
0.513699
0.509703
0.505174
0.502182
0.499238
0.495431
0.492335
0.489092
0.485318
0.481789
0.478632
0.476038
0.473939
0.471125
0.467768
0.464637
0.462048
0.45933
0.455873
0.453507
0.450952
0.449147
0.44694
0.444968
0.44287
0.440856
0.438605
0.437409
0.435429
0.433948
