0
0.0899582
0.136041
0.159736
0.171627
0.186393
0.195402
0.20404
0.20101
0.202724
0.20434
0.206968
0.205174
0.20294
0.203933
0.204392
0.205924
0.208766
0.21065
0.211584
0.212692
0.213069
0.214086
0.215766
0.21565
0.218575
0.219177
0.219055
0.219678
0.220783
0.221518
0.222889
0.224273
0.224827
0.226294
0.227072
0.228376
0.228242
0.229281
0.229873
0.230647
0.231363
0.230799
0.231167
0.230915
0.230553
0.230602
0.230977
0.231077
0.231195
0.231946
0.232574
0.233015
0.233741
0.23388
0.234276
0.233646
0.233167
0.234266
0.234616
0.234803
0.233468
0.233359
0.233148
0.233304
0.233709
0.233969
0.23397
0.234208
0.233754
0.234546
0.23413
0.233715
0.23404
0.234254
0.23441
0.234514
0.234259
0.234337
0.234221
0.234427
0.234008
0.23386
0.233838
0.233834
0.232847
0.232555
0.23308
0.233193
0.233108
0.233639
0.233563
0.234037
0.234065
0.234145
0.234181
0.233728
0.233746
0.233783
0.233911
0.234472
