0
0.197318
0.199015
0.206061
0.218246
0.222973
0.227482
0.234512
0.234653
0.238885
0.246267
0.247432
0.248419
0.247635
0.247914
0.246967
0.245724
0.247347
0.249676
0.252693
0.254725
0.254685
0.256847
0.257642
0.259834
0.260986
0.261644
0.261149
0.262125
0.264466
0.264924
0.265455
0.265621
0.264799
0.264823
0.265873
0.267246
0.269022
0.270112
0.270074
0.270335
0.270915
0.270709
0.271243
0.271206
0.271165
0.272229
0.273594
0.27452
0.274537
0.275426
0.275626
0.275206
0.27544
0.275683
0.275484
0.274322
0.275471
0.275786
0.276459
0.276839
0.27568
0.275885
0.276228
0.275926
0.276233
0.276607
0.277446
0.277773
0.277159
0.27732
0.276917
0.276918
0.277348
0.278421
0.279011
0.27941
0.278583
0.27818
0.277734
0.277831
0.277486
0.277753
0.277882
0.278038
0.277918
0.277772
0.278238
0.278107
0.277526
0.277743
0.277513
0.277979
0.278172
0.278391
0.278221
0.277765
0.27748
0.277911
0.277683
0.277682
