0.808955
0.811747
0.818826
0.824758
0.826165
0.833166
0.829751
0.828604
0.825236
0.823529
0.808405
0.798481
0.782558
0.77761
0.771111
0.762067
0.758099
0.752904
0.748444
0.742736
0.735273
0.726024
0.718561
0.710901
0.705263
0.697545
0.691463
0.686751
0.680782
0.677037
0.670944
0.663655
0.65544
0.649326
0.641764
0.637276
0.632282
0.626757
0.621776
0.616906
0.609876
0.603645
0.596862
0.591476
0.585184
0.57973
0.575303
0.570626
0.566342
0.562181
0.556341
0.551463
0.547738
0.544503
0.541425
0.538073
0.533545
0.52976
0.526069
0.522852
0.519299
0.516391
0.513136
0.510518
0.506636
0.503241
0.499752
0.496521
0.493231
0.490511
0.487193
0.484431
0.481579
0.478827
0.475791
0.472827
0.470786
0.468966
0.465818
0.463862
0.462008
0.460058
0.458244
0.456446
0.454436
0.452186
0.451088
0.449263
0.447356
0.446492
