0
0.166667
0.143856
0.157543
0.168106
0.168571
0.175932
0.181553
0.187628
0.193063
0.197013
0.198887
0.201227
0.203194
0.203281
0.203576
0.206541
0.211367
0.213556
0.213532
0.214738
0.216918
0.218335
0.218207
0.218812
0.220209
0.22184
0.223318
0.225632
0.227732
0.227544
0.228591
0.229143
0.229511
0.229997
0.230173
0.228535
0.22624
0.227411
0.22679
0.226874
0.227102
0.227704
0.228243
0.227754
0.228755
0.229673
0.230868
0.231081
0.23098
0.231273
0.231866
0.231626
0.231705
0.232931
0.233749
0.232643
0.233328
0.233828
0.234208
0.234274
0.233831
0.233453
0.233211
0.233105
0.232853
0.232316
0.232676
0.232885
0.233441
0.233756
0.233767
0.234328
0.234352
0.235116
0.235715
0.23594
0.235799
0.235165
0.235011
0.235533
0.235597
0.235904
0.235803
0.235817
0.235983
0.236107
0.235862
0.23614
0.236509
0.236653
0.236987
0.236724
0.236517
0.236459
0.23652
0.236601
0.236916
0.237221
0.237517
0.237264
