0.815789
0.827124
0.820969
0.819853
0.817211
0.819672
0.814609
0.816822
0.815359
0.816075
0.801093
0.792861
0.785319
0.776129
0.768658
0.763297
0.75631
0.749791
0.743504
0.739366
0.729552
0.720695
0.713105
0.706414
0.699518
0.692165
0.68581
0.681177
0.674795
0.668839
0.662009
0.65717
0.649571
0.643476
0.638013
0.632033
0.626047
0.621378
0.615954
0.611521
0.605126
0.598468
0.592162
0.587648
0.583077
0.578036
0.573099
0.568755
0.564813
0.561132
0.557293
0.55315
0.547947
0.543202
0.538672
0.533988
0.530561
0.527348
0.523411
0.520086
0.516169
0.512617
0.508758
0.505274
0.502318
0.499041
0.495485
0.492237
0.489143
0.486074
0.483524
0.480813
0.478075
0.475454
0.473191
0.470972
0.468734
0.466636
0.464611
0.462564
0.460831
0.458554
0.45712
0.455426
0.453781
0.452156
0.450367
0.449318
0.448064
0.446221
