0
0.098
0.137275
0.149765
0.15101
0.160845
0.164184
0.168116
0.176411
0.18424
0.187185
0.191809
0.193274
0.192777
0.195369
0.196025
0.197508
0.197431
0.199217
0.200276
0.200456
0.201431
0.201428
0.202576
0.203144
0.203446
0.205233
0.205536
0.206338
0.208181
0.207697
0.20812
0.208609
0.20935
0.211259
0.212968
0.213285
0.21402
0.215599
0.216233
0.217932
0.21884
0.218974
0.219094
0.218951
0.219364
0.220631
0.219987
0.219375
0.219617
0.220207
0.219803
0.219489
0.220653
0.220908
0.221473
0.22196
0.222056
0.222085
0.222668
0.222708
0.223028
0.223447
0.223721
0.223416
0.223186
0.223616
0.223513
0.223727
0.223855
0.223966
0.224021
0.224323
0.224936
0.224584
0.22482
0.22539
0.225162
0.225446
0.226021
0.225852
0.226522
0.226919
0.226381
0.225519
0.225876
0.225284
0.225341
0.225593
0.22569
0.226008
0.226283
0.22633
0.226796
0.227377
0.227331
0.227777
0.228259
0.228231
0.228379
0.228255
