0
0.186
0.225549
0.22634
0.245545
0.257289
0.26067
0.261972
0.263522
0.268476
0.266825
0.269604
0.267794
0.26639
0.267339
0.267136
0.269132
0.27093
0.27268
0.273307
0.274479
0.275184
0.275382
0.275189
0.275129
0.276767
0.27828
0.276766
0.276467
0.276865
0.277055
0.277548
0.277961
0.277626
0.278831
0.280361
0.279758
0.279892
0.279411
0.279829
0.28013
0.27981
0.280917
0.281507
0.280718
0.281976
0.28251
0.28275
0.28311
0.283427
0.283104
0.283727
0.284385
0.285198
0.28578
0.2861
0.286093
0.28608
0.28602
0.285728
0.285978
0.286838
0.286719
0.287303
0.288054
0.288503
0.288784
0.290192
0.289852
0.289776
0.289761
0.289768
0.289678
0.289981
0.289831
0.28985
0.29004
0.289547
0.289538
0.289978
0.289758
0.289971
0.289913
0.289509
0.289056
0.289417
0.289326
0.289309
0.289621
0.289815
0.290236
0.290854
0.290597
0.290813
0.290814
0.291346
0.291743
0.291826
0.292432
0.292469
0.292385
