0.806854
0.813056
0.803823
0.807407
0.810859
0.814796
0.816361
0.817875
0.820836
0.820181
0.808306
0.790331
0.782861
0.771219
0.762606
0.756056
0.749778
0.742675
0.738627
0.732852
0.722788
0.714051
0.70626
0.698949
0.692696
0.686068
0.680726
0.676452
0.672778
0.668435
0.660728
0.653143
0.647434
0.642062
0.636824
0.631811
0.625202
0.621185
0.617278
0.613599
0.605458
0.600014
0.594614
0.590187
0.585012
0.581467
0.578397
0.574716
0.569775
0.565393
0.559932
0.555221
0.550981
0.54675
0.541614
0.537185
0.533552
0.529899
0.525581
0.522762
0.519108
0.515818
0.511567
0.507823
0.504259
0.501742
0.498102
0.49537
0.493043
0.489825
0.487109
0.483947
0.480412
0.476787
0.473967
0.470919
0.468326
0.465899
0.46381
0.461399
0.45951
0.456934
0.455579
0.4537
0.451642
0.450493
0.448578
0.446698
0.444467
0.442419
