0
0.118812
0.162512
0.184086
0.196878
0.196407
0.200463
0.204802
0.20688
0.208077
0.209008
0.205614
0.207169
0.209434
0.210244
0.212267
0.214439
0.215946
0.217545
0.218246
0.218889
0.219321
0.220577
0.220883
0.221879
0.220559
0.22057
0.22009
0.222313
0.222242
0.222782
0.223357
0.225439
0.225969
0.227071
0.227801
0.22839
0.228616
0.229923
0.232188
0.232444
0.232316
0.232794
0.234039
0.234898
0.234849
0.235052
0.235257
0.234803
0.235399
0.236317
0.237314
0.237254
0.238318
0.239559
0.240369
0.239059
0.239491
0.239438
0.239989
0.240788
0.2408
0.241758
0.242171
0.2426
0.242557
0.242601
0.243283
0.242895
0.242615
0.242393
0.242656
0.243809
0.243832
0.243421
0.243752
0.243725
0.243638
0.243745
0.243998
0.243644
0.244073
0.243492
0.243811
0.243669
0.243584
0.24335
0.243106
0.243205
0.243477
0.243565
0.243504
0.243555
0.243597
0.243263
0.243804
0.24362
0.243549
0.242775
0.242623
0.242269
