0.821918
0.811348
0.815637
0.81241
0.816125
0.809709
0.808743
0.812085
0.811537
0.815659
0.802041
0.791501
0.784548
0.776231
0.770416
0.763749
0.759165
0.752898
0.74576
0.741078
0.734784
0.725048
0.716842
0.708951
0.703571
0.698923
0.692197
0.686461
0.68186
0.676187
0.669113
0.660933
0.655269
0.648601
0.64375
0.636047
0.632704
0.626267
0.621781
0.617241
0.611156
0.604441
0.599569
0.596079
0.591614
0.585242
0.580733
0.575389
0.571507
0.567906
0.56315
0.558898
0.553877
0.549492
0.544414
0.540335
0.536156
0.53208
0.528833
0.525568
0.522312
0.518823
0.514365
0.510629
0.507529
0.504289
0.501305
0.498405
0.495048
0.492535
0.490005
0.485802
0.482606
0.47985
0.477412
0.474233
0.471339
0.469203
0.466161
0.464108
0.46163
0.459224
0.457641
0.455376
0.453682
0.451799
0.449747
0.447249
0.446119
0.444839
