0.830189
0.820031
0.82636
0.83104
0.826462
0.825665
0.82083
0.821551
0.82132
0.823691
0.808799
0.792453
0.780522
0.772522
0.766539
0.758065
0.752423
0.74851
0.744484
0.739569
0.729102
0.718983
0.70926
0.702589
0.696624
0.690955
0.684437
0.679659
0.673526
0.668854
0.661987
0.65463
0.646496
0.638933
0.631682
0.627238
0.622118
0.617922
0.612254
0.607934
0.601525
0.59539
0.589336
0.58455
0.579542
0.574266
0.569786
0.565599
0.560967
0.556738
0.551516
0.546804
0.54238
0.537353
0.53151
0.528101
0.523092
0.519318
0.515227
0.511305
0.507845
0.50394
0.500733
0.496556
0.493025
0.490757
0.487905
0.484902
0.482471
0.479171
0.476319
0.473817
0.470847
0.468001
0.46589
0.463278
0.459853
0.45808
0.455448
0.45306
0.45131
0.449611
0.447384
0.446252
0.443992
0.442144
0.439657
0.438235
0.436566
0.43483
