0
0.131373
0.166667
0.172436
0.182356
0.185404
0.190586
0.193757
0.196693
0.198282
0.199365
0.201756
0.2006
0.200367
0.201359
0.203094
0.203373
0.206466
0.206512
0.207538
0.210257
0.210929
0.212325
0.211696
0.209138
0.209342
0.210804
0.210893
0.210853
0.210968
0.211242
0.210065
0.210175
0.210035
0.21117
0.212103
0.212424
0.211899
0.21213
0.212935
0.212622
0.212194
0.212987
0.21348
0.212572
0.212493
0.212975
0.213793
0.213593
0.213716
0.214096
0.213901
0.214143
0.214385
0.214557
0.214963
0.216012
0.21493
0.21494
0.215274
0.214799
0.214995
0.214893
0.215736
0.21584
0.216176
0.216475
0.217426
0.217765
0.217771
0.218159
0.218543
0.219432
0.219268
0.218942
0.219085
0.21903
0.219208
0.219636
0.219963
0.220151
0.220338
0.220496
0.220347
0.220391
0.220652
0.221069
0.221274
0.220865
0.221088
0.221475
0.22183
0.221644
0.220993
0.221211
0.221411
0.222067
0.221744
0.221363
0.221214
0.221583
