0
0.242857
0.246407
0.249149
0.253171
0.259229
0.265699
0.268002
0.275329
0.273705
0.27639
0.278207
0.278093
0.276913
0.277557
0.277275
0.27926
0.280285
0.282814
0.282822
0.285594
0.285499
0.286287
0.284766
0.281386
0.27984
0.280659
0.280128
0.281341
0.280531
0.280148
0.278753
0.280673
0.281099
0.28161
0.280982
0.280968
0.280462
0.280655
0.281928
0.280968
0.281015
0.280986
0.281794
0.280438
0.281416
0.282442
0.282466
0.282688
0.283136
0.283715
0.283519
0.283035
0.283005
0.282497
0.283437
0.28394
0.282991
0.28348
0.283648
0.283523
0.284488
0.284899
0.285183
0.285783
0.285782
0.285969
0.286425
0.286197
0.286517
0.286374
0.286178
0.286875
0.287653
0.287203
0.287244
0.287707
0.288291
0.288636
0.288939
0.289354
0.289456
0.289944
0.289815
0.289641
0.29005
0.290324
0.29073
0.291179
0.290441
0.291001
0.291037
0.291083
0.289996
0.290598
0.290338
0.290775
0.290714
0.290776
0.290906
0.29122
