0.825444
0.811594
0.815029
0.82383
0.827182
0.831118
0.830566
0.829883
0.831657
0.832475
0.819636
0.808957
0.796192
0.786928
0.779313
0.770976
0.763177
0.757612
0.752992
0.749509
0.738572
0.730146
0.722426
0.713712
0.707711
0.699988
0.693541
0.688743
0.683496
0.679101
0.671517
0.664414
0.658625
0.651093
0.645873
0.639887
0.634517
0.628859
0.624789
0.620795
0.614084
0.606371
0.600889
0.595999
0.592086
0.586771
0.581312
0.577113
0.572205
0.566952
0.561976
0.556745
0.552055
0.547277
0.542997
0.53891
0.535078
0.531017
0.526981
0.523197
0.518822
0.515475
0.511286
0.507257
0.503091
0.500023
0.496978
0.494242
0.491049
0.488207
0.485184
0.481996
0.478643
0.47637
0.47385
0.471553
0.468665
0.465362
0.4622
0.460324
0.458721
0.457112
0.454434
0.452501
0.451005
0.449849
0.447709
0.446187
0.444751
0.443101
