0
0.124521
0.109804
0.131137
0.145636
0.151271
0.160093
0.172122
0.178607
0.183241
0.186691
0.189843
0.191853
0.194092
0.197498
0.20012
0.204529
0.206986
0.20262
0.202623
0.203357
0.201524
0.202504
0.203296
0.204257
0.205097
0.204609
0.204358
0.20486
0.206522
0.207042
0.208594
0.208428
0.208505
0.208641
0.209178
0.209642
0.211031
0.209909
0.21035
0.21105
0.211575
0.212414
0.212328
0.212753
0.214084
0.214825
0.215343
0.215446
0.216264
0.217005
0.217331
0.217563
0.217027
0.21687
0.217929
0.217699
0.217122
0.216784
0.217306
0.217361
0.217979
0.218857
0.218685
0.218932
0.219905
0.219987
0.219912
0.219949
0.220733
0.220588
0.220368
0.221007
0.221345
0.22199
0.221509
0.221843
0.222398
0.222363
0.222541
0.223084
0.223677
0.223876
0.223912
0.22416
0.224646
0.225516
0.225731
0.225159
0.225025
0.225074
0.225388
0.225544
0.225471
0.225695
0.226011
0.226035
0.226182
0.226551
0.226786
0.226195
