0.822715
0.825835
0.827653
0.830758
0.829912
0.81917
0.820731
0.818755
0.819683
0.819259
0.803937
0.795766
0.787879
0.777659
0.770426
0.764541
0.761771
0.755874
0.750708
0.745474
0.735571
0.726093
0.718505
0.710263
0.703206
0.696949
0.693844
0.688384
0.684716
0.678771
0.670464
0.661828
0.655157
0.650132
0.644687
0.63902
0.634573
0.63099
0.626922
0.620925
0.616264
0.609726
0.602331
0.597164
0.591725
0.586243
0.580836
0.576154
0.57149
0.567417
0.562478
0.557819
0.553259
0.549279
0.544886
0.539778
0.535937
0.53309
0.528704
0.524486
0.52008
0.516577
0.512722
0.509383
0.506004
0.503025
0.499067
0.495688
0.492622
0.489969
0.486888
0.484363
0.481233
0.478435
0.475502
0.473738
0.471971
0.469523
0.466516
0.464054
0.462838
0.460954
0.458727
0.456939
0.455328
0.454144
0.452405
0.451121
0.449867
0.447372
