0
0.305155
0.290161
0.302264
0.287356
0.287085
0.290958
0.298739
0.303167
0.302476
0.301384
0.302543
0.304158
0.304348
0.305402
0.306919
0.309927
0.309715
0.311238
0.313958
0.312141
0.313155
0.312099
0.313033
0.313414
0.313024
0.313339
0.312389
0.312699
0.310451
0.310661
0.308733
0.309441
0.308936
0.309454
0.309001
0.309536
0.310603
0.310427
0.308915
0.308266
0.308969
0.309589
0.308849
0.308535
0.308836
0.310588
0.311733
0.313116
0.312139
0.31153
0.311722
0.312277
0.311926
0.31191
0.311898
0.310914
0.310683
0.310906
0.310082
0.3103
0.310075
0.30986
0.310037
0.310523
0.310838
0.310217
0.310956
0.311845
0.312667
0.312437
0.312732
0.312907
0.313136
0.313151
0.313905
0.313891
0.313756
0.314224
0.314751
0.315737
0.316021
0.316015
0.315491
0.315836
0.316013
0.31608
0.315955
0.315298
0.315175
0.315456
0.315247
0.315429
0.315481
0.315321
0.31537
0.315198
0.31544
0.31476
0.314667
0.314972
