0
0.177778
0.217391
0.241633
0.251755
0.257806
0.258397
0.258257
0.256936
0.252005
0.256467
0.259273
0.260411
0.258016
0.256725
0.25564
0.256334
0.259531
0.260553
0.261923
0.263701
0.265737
0.265516
0.264797
0.262572
0.261578
0.260878
0.259684
0.259581
0.259494
0.260222
0.26028
0.260473
0.260428
0.260028
0.260202
0.260536
0.261192
0.262682
0.261221
0.261483
0.261017
0.261624
0.261885
0.261391
0.261583
0.260199
0.260747
0.260894
0.260544
0.260313
0.259952
0.259821
0.259735
0.259248
0.258931
0.259272
0.259161
0.25889
0.25851
0.259006
0.259375
0.258827
0.259459
0.259617
0.259551
0.258455
0.25779
0.257245
0.257297
0.256985
0.257231
0.256795
0.257223
0.257498
0.257856
0.257652
0.257279
0.256903
0.257
0.256812
0.257021
0.257034
0.256687
0.257284
0.256771
0.255845
0.255616
0.255358
0.255732
0.255333
0.254834
0.254692
0.254606
0.255024
0.254921
0.255341
0.255274
0.255053
0.254903
0.255158
