0
0.30099
0.328947
0.351926
0.353938
0.35052
0.343134
0.349197
0.341835
0.33422
0.338121
0.340247
0.341451
0.34252
0.34233
0.344786
0.345616
0.347028
0.345429
0.346254
0.347255
0.348495
0.346461
0.34382
0.342045
0.343085
0.3427
0.340886
0.339749
0.338853
0.338723
0.338241
0.337927
0.338176
0.337691
0.33878
0.338858
0.338752
0.339489
0.338738
0.337947
0.33724
0.336817
0.336908
0.337836
0.337668
0.337018
0.337854
0.337806
0.338965
0.338611
0.337712
0.337553
0.337806
0.338695
0.339237
0.339338
0.339225
0.339188
0.339713
0.340327
0.340867
0.340772
0.339893
0.339349
0.338202
0.337277
0.336109
0.3364
0.336223
0.335814
0.335335
0.334736
0.334899
0.334954
0.334721
0.334778
0.334479
0.334309
0.334857
0.334945
0.334845
0.334931
0.33465
0.334736
0.333944
0.333454
0.333333
0.33329
0.332601
0.332756
0.332668
0.332109
0.332723
0.332518
0.332486
0.332316
0.332443
0.332414
0.332414
0.332129
