0.822581
0.834891
0.844468
0.830145
0.828867
0.824037
0.828358
0.828101
0.82523
0.828101
0.816298
0.800861
0.792426
0.782279
0.776356
0.768645
0.761327
0.756598
0.753149
0.747206
0.735391
0.72821
0.721982
0.712765
0.705046
0.699988
0.693305
0.689265
0.683926
0.677958
0.670818
0.663123
0.655163
0.648338
0.642361
0.636735
0.633528
0.628059
0.624163
0.61929
0.612231
0.606477
0.600876
0.595736
0.590154
0.585463
0.580354
0.576514
0.572301
0.568223
0.56408
0.559241
0.555128
0.550197
0.545494
0.540776
0.536037
0.533016
0.529493
0.525592
0.521433
0.518278
0.514601
0.512116
0.508304
0.504588
0.501344
0.498477
0.495586
0.492671
0.489861
0.487975
0.484812
0.482495
0.479452
0.47663
0.474836
0.472259
0.470072
0.468086
0.466605
0.464351
0.463368
0.461335
0.460209
0.458782
0.457017
0.455527
0.454166
0.453491
