0
0.280164
0.29641
0.293609
0.304348
0.301879
0.301682
0.307037
0.3143
0.309272
0.311755
0.316131
0.318643
0.318361
0.321468
0.323065
0.323127
0.324236
0.32449
0.318868
0.321309
0.320955
0.323212
0.323274
0.317521
0.318191
0.317952
0.317814
0.31213
0.313912
0.312806
0.314202
0.314415
0.314078
0.314453
0.31354
0.31485
0.313201
0.313193
0.314807
0.314849
0.315116
0.315305
0.314009
0.313388
0.313868
0.314284
0.314986
0.314845
0.315497
0.315328
0.316427
0.315321
0.316513
0.315789
0.315469
0.315872
0.315685
0.315654
0.316006
0.316195
0.316268
0.316009
0.316821
0.317076
0.316988
0.316892
0.316766
0.317096
0.317009
0.317423
0.316973
0.317029
0.31713
0.317075
0.316184
0.315717
0.3155
0.314814
0.315122
0.31454
0.314916
0.314908
0.31471
0.314386
0.314567
0.315035
0.315125
0.314809
0.314792
0.315024
0.314637
0.314344
0.314238
0.31408
0.314401
0.314363
0.314365
0.314611
0.314808
0.314648
