0
0.461538
0.338835
0.337116
0.343419
0.348583
0.365015
0.375072
0.388569
0.394013
0.401438
0.403469
0.387199
0.385452
0.382441
0.378679
0.375625
0.375735
0.373363
0.370686
0.371229
0.371065
0.369449
0.368325
0.371035
0.371477
0.371498
0.372012
0.374692
0.374513
0.375678
0.376665
0.376395
0.37791
0.378372
0.377821
0.377079
0.378163
0.37931
0.379891
0.380545
0.380834
0.382074
0.382473
0.380841
0.381854
0.382748
0.38338
0.382751
0.383932
0.384557
0.384991
0.385952
0.385384
0.385984
0.386264
0.387656
0.387436
0.388569
0.388626
0.388958
0.389473
0.38933
0.388685
0.389707
0.390976
0.391665
0.392156
0.392699
0.393283
0.393621
0.393669
0.394259
0.394924
0.395487
0.395465
0.396272
0.396809
0.397125
0.397204
0.397672
0.39763
0.398106
0.398257
0.3986
0.39857
0.399217
0.399649
0.399981
0.398228
0.398529
0.39787
0.397137
0.397736
0.398092
0.398363
0.398219
0.398314
0.398685
0.398432
0.398658
