0
0.20985
0.18866
0.211718
0.212692
0.222134
0.233762
0.24532
0.255049
0.261247
0.266974
0.266118
0.254857
0.252879
0.250435
0.251619
0.251718
0.251468
0.249902
0.252756
0.253789
0.254788
0.255778
0.256004
0.257666
0.258022
0.259998
0.262126
0.262933
0.264514
0.266273
0.266772
0.267239
0.269015
0.27031
0.271597
0.273053
0.273954
0.275612
0.276217
0.276447
0.278198
0.279208
0.280137
0.280208
0.281008
0.281611
0.281858
0.281181
0.281613
0.282344
0.282878
0.28344
0.283332
0.283417
0.28442
0.285398
0.286074
0.287637
0.288293
0.289168
0.289169
0.289024
0.288971
0.289653
0.28941
0.289369
0.289864
0.290876
0.291021
0.291856
0.292267
0.292582
0.29377
0.293882
0.294217
0.295187
0.295025
0.29547
0.295908
0.29611
0.297036
0.297051
0.297377
0.297946
0.29829
0.298586
0.299477
0.300006
0.298994
0.29863
0.29861
0.298185
0.298727
0.298906
0.299005
0.299477
0.299597
0.299394
0.299521
0.299268
