0
0.232604
0.241107
0.223411
0.215892
0.208465
0.2118
0.213756
0.216969
0.216891
0.220393
0.221603
0.225885
0.227542
0.228794
0.229768
0.231138
0.234691
0.237025
0.238384
0.239559
0.242888
0.244023
0.245524
0.24563
0.24903
0.250889
0.252723
0.25296
0.251645
0.252708
0.252441
0.252331
0.252813
0.253558
0.255436
0.254898
0.256742
0.257277
0.256766
0.256791
0.257204
0.258376
0.258527
0.258844
0.259158
0.258881
0.260778
0.259979
0.259976
0.260895
0.261008
0.261537
0.261554
0.262337
0.262619
0.262648
0.263211
0.263924
0.264908
0.265599
0.265834
0.265636
0.265927
0.265817
0.266446
0.266574
0.266471
0.267259
0.267635
0.267048
0.267359
0.267431
0.267388
0.267999
0.26834
0.26855
0.268553
0.267407
0.267157
0.267642
0.267186
0.267569
0.268307
0.268705
0.269142
0.268601
0.268604
0.26847
0.267956
0.268498
0.26834
0.268182
0.268216
0.267724
0.267986
0.267792
0.268078
0.268055
0.268028
0.267883
