0
0.25813
0.256332
0.29567
0.299849
0.28743
0.290323
0.290194
0.28028
0.27694
0.274432
0.276237
0.278043
0.271529
0.269079
0.268913
0.26876
0.269562
0.2718
0.272227
0.269729
0.270376
0.269757
0.269862
0.271607
0.271982
0.272024
0.268098
0.266636
0.267261
0.267923
0.268234
0.267451
0.268374
0.268499
0.268991
0.26991
0.268418
0.268226
0.267739
0.268806
0.269012
0.270144
0.270724
0.271473
0.271084
0.271424
0.271228
0.271168
0.271825
0.272921
0.273387
0.272982
0.273029
0.273028
0.273247
0.273915
0.27444
0.275124
0.275147
0.276329
0.276536
0.276509
0.27612
0.276354
0.276369
0.276277
0.27636
0.277108
0.276362
0.277611
0.277824
0.277938
0.278477
0.27922
0.279184
0.278886
0.279081
0.279176
0.279277
0.279484
0.279231
0.279521
0.280204
0.280341
0.280186
0.28028
0.280496
0.280089
0.279486
0.279499
0.279685
0.279896
0.280297
0.28012
0.280017
0.279626
0.279343
0.279724
0.280281
0.280587
