0.797101
0.816446
0.816206
0.819516
0.815268
0.815436
0.817955
0.817216
0.818951
0.817322
0.803495
0.79351
0.785747
0.777097
0.768988
0.762275
0.756399
0.75144
0.743079
0.739967
0.729909
0.719668
0.712084
0.704843
0.696312
0.690604
0.685453
0.68207
0.677124
0.671914
0.66435
0.656969
0.65064
0.644942
0.639368
0.633444
0.627941
0.622652
0.617613
0.612753
0.605766
0.598916
0.591973
0.586352
0.581827
0.575884
0.571237
0.566746
0.562164
0.55784
0.553231
0.548174
0.543332
0.539501
0.534655
0.530558
0.526283
0.522652
0.518456
0.514544
0.510185
0.506961
0.503438
0.50007
0.496509
0.492605
0.489214
0.485633
0.48296
0.479877
0.476999
0.474095
0.471227
0.468592
0.465908
0.463206
0.460953
0.458474
0.455971
0.454141
0.452287
0.450794
0.449091
0.447346
0.445789
0.443386
0.441663
0.439856
0.438605
0.437371
