0
0.232653
0.246246
0.262983
0.266864
0.270588
0.28
0.274482
0.283513
0.281724
0.280908
0.282804
0.286973
0.291824
0.294145
0.294891
0.297172
0.302023
0.303493
0.302383
0.305149
0.306949
0.310228
0.312209
0.311537
0.310185
0.31165
0.311271
0.311737
0.312658
0.31376
0.313863
0.313286
0.313094
0.314372
0.316342
0.313337
0.312289
0.313368
0.313623
0.314537
0.313529
0.313413
0.313302
0.31332
0.314245
0.314885
0.314488
0.313481
0.314053
0.315298
0.314607
0.314922
0.315301
0.315077
0.315677
0.314627
0.314944
0.315533
0.316281
0.316644
0.317227
0.316719
0.31673
0.317148
0.31725
0.316238
0.316296
0.316441
0.316332
0.315903
0.315731
0.315847
0.315555
0.315943
0.315811
0.31563
0.31488
0.314769
0.315018
0.314739
0.31511
0.315606
0.316017
0.315313
0.315652
0.315383
0.315061
0.315881
0.315936
0.316294
0.315781
0.315731
0.315515
0.315529
0.315175
0.315339
0.315317
0.315806
0.315662
0.315412
