0
0.122047
0.161895
0.182654
0.2001
0.200639
0.199465
0.204754
0.193556
0.195768
0.195748
0.19891
0.202722
0.199967
0.20038
0.203165
0.204275
0.205474
0.206928
0.20827
0.206064
0.207125
0.207051
0.207952
0.207995
0.207699
0.208731
0.207118
0.20659
0.205977
0.205496
0.205413
0.20563
0.20551
0.204969
0.205763
0.205268
0.205714
0.207202
0.207734
0.208022
0.208431
0.208416
0.20856
0.209664
0.209423
0.209615
0.209289
0.210315
0.211037
0.212471
0.212264
0.212158
0.212688
0.213574
0.213775
0.214254
0.215126
0.215798
0.216405
0.216868
0.217312
0.217734
0.218342
0.218792
0.218659
0.218511
0.218805
0.218841
0.218511
0.21925
0.21926
0.219457
0.219943
0.219752
0.21993
0.220031
0.220709
0.220703
0.220388
0.220591
0.220676
0.220777
0.221105
0.22173
0.222178
0.222373
0.222131
0.221621
0.221347
0.221314
0.221473
0.221295
0.220987
0.221074
0.221106
0.221256
0.221105
0.221026
0.221256
0.22146
