0
0.170874
0.209163
0.232977
0.224612
0.22569
0.21978
0.228075
0.23098
0.233119
0.231398
0.230784
0.228653
0.228443
0.230087
0.231128
0.230162
0.231117
0.231897
0.232313
0.231734
0.233121
0.231335
0.231124
0.23264
0.231718
0.230978
0.232991
0.234006
0.232255
0.233161
0.231812
0.232168
0.232438
0.232699
0.232964
0.232611
0.23309
0.232818
0.232622
0.232395
0.232446
0.232506
0.232235
0.231579
0.232486
0.232512
0.232686
0.233264
0.232296
0.232002
0.23137
0.232109
0.23251
0.233078
0.23298
0.232925
0.232869
0.232963
0.232243
0.232279
0.232454
0.23182
0.231649
0.231565
0.231148
0.231049
0.230946
0.231481
0.231585
0.231614
0.232311
0.232579
0.232724
0.232748
0.233456
0.23402
0.234209
0.233984
0.234074
0.234328
0.234383
0.234022
0.233541
0.233566
0.233766
0.234132
0.234105
0.233696
0.233514
0.233692
0.233716
0.233231
0.233316
0.233814
0.233673
0.233841
0.233814
0.233825
0.234181
0.234743
