0.827044
0.819596
0.810755
0.821108
0.821577
0.822886
0.827879
0.824143
0.823647
0.823247
0.809848
0.799448
0.788314
0.777802
0.768539
0.763429
0.757288
0.751245
0.746091
0.743723
0.732655
0.722417
0.715911
0.706392
0.699379
0.692874
0.687908
0.683068
0.678409
0.674484
0.666214
0.659202
0.651207
0.645868
0.64022
0.63404
0.629696
0.623234
0.61805
0.613695
0.607303
0.599914
0.595335
0.589773
0.585992
0.580751
0.576264
0.571446
0.566344
0.561982
0.557356
0.552138
0.547341
0.542315
0.537172
0.53313
0.529576
0.525623
0.52129
0.517106
0.513091
0.509085
0.505194
0.50187
0.498504
0.49515
0.492142
0.489294
0.486734
0.483591
0.481553
0.478196
0.47487
0.472421
0.470208
0.468167
0.465399
0.462378
0.459556
0.456662
0.454945
0.452345
0.449973
0.448549
0.447005
0.444819
0.443351
0.441403
0.439411
0.43792
