0
0.218182
0.252758
0.255768
0.260179
0.260521
0.261673
0.263006
0.26514
0.264851
0.269542
0.268836
0.2707
0.274945
0.27644
0.277929
0.279063
0.280476
0.282048
0.281478
0.282508
0.283966
0.286995
0.288086
0.286782
0.284655
0.285756
0.287558
0.288013
0.288922
0.290373
0.291391
0.291555
0.291703
0.29187
0.292569
0.293512
0.29405
0.294035
0.295077
0.295485
0.295103
0.294536
0.295154
0.294385
0.295425
0.296469
0.296106
0.29539
0.295815
0.296551
0.298269
0.29823
0.298676
0.299726
0.299616
0.29865
0.298618
0.298678
0.299461
0.300401
0.300104
0.301123
0.302116
0.303194
0.302656
0.3027
0.302786
0.301633
0.302186
0.302148
0.302904
0.30316
0.303849
0.303844
0.304106
0.304069
0.304205
0.304384
0.303932
0.30316
0.302917
0.302373
0.302015
0.302321
0.302238
0.301794
0.301636
0.301635
0.301573
0.301724
0.302099
0.302239
0.30255
0.302366
0.302885
0.302994
0.303578
0.302685
0.302807
0.303247
