0
0.116935
0.201355
0.236155
0.25255
0.261737
0.274183
0.281951
0.286797
0.277172
0.272924
0.27103
0.271124
0.271709
0.269603
0.27043
0.269269
0.265682
0.268484
0.269112
0.267868
0.2649
0.262662
0.262952
0.261466
0.261688
0.257962
0.257977
0.256644
0.257622
0.25498
0.255174
0.25631
0.256782
0.255234
0.253277
0.251679
0.250774
0.249191
0.24894
0.247862
0.247632
0.248076
0.248069
0.247278
0.246827
0.246347
0.246546
0.246838
0.246249
0.246102
0.245868
0.244259
0.243962
0.243693
0.243118
0.242246
0.242564
0.242739
0.242473
0.241509
0.241199
0.240066
0.240265
0.240168
0.24036
0.239839
0.23918
0.238916
0.2384
0.238839
0.238778
0.238031
0.237135
0.236659
0.236471
0.236452
0.236254
0.236229
0.236402
0.236764
0.237252
0.237231
0.237034
0.237303
0.237042
0.23705
0.237126
0.237287
0.237319
0.237168
0.23746
0.237319
0.237376
0.237596
0.237682
0.237741
0.237709
0.237775
0.237237
0.236847
