0
0.239264
0.279798
0.291946
0.300801
0.310821
0.313719
0.322342
0.32423
0.329908
0.334875
0.335346
0.337005
0.332721
0.333967
0.331827
0.329898
0.329381
0.331426
0.330957
0.329234
0.328123
0.328312
0.328164
0.32845
0.330184
0.330833
0.330153
0.328288
0.32644
0.324561
0.324324
0.322813
0.323349
0.323444
0.32437
0.325656
0.324741
0.323893
0.323533
0.323223
0.323819
0.323583
0.322775
0.321442
0.320075
0.320002
0.319816
0.320103
0.319753
0.320706
0.320581
0.320788
0.32066
0.320516
0.319456
0.319534
0.319389
0.320081
0.32004
0.320132
0.320267
0.320326
0.320544
0.320425
0.319641
0.320374
0.320195
0.320106
0.320464
0.321125
0.321737
0.321772
0.321761
0.321389
0.321292
0.321722
0.322188
0.321572
0.321358
0.321511
0.321191
0.321397
0.321485
0.320791
0.321074
0.321127
0.320701
0.321162
0.320855
0.320526
0.320631
0.321094
0.320522
0.321105
0.320218
0.319905
0.319021
0.319017
0.319261
0.319398
