0
0.183953
0.208911
0.222517
0.228771
0.236629
0.243697
0.248708
0.251684
0.25912
0.269292
0.272896
0.276518
0.27486
0.279022
0.276128
0.272921
0.269876
0.270045
0.270683
0.268258
0.269059
0.268866
0.270411
0.270746
0.269994
0.270403
0.271534
0.271116
0.26995
0.267892
0.268131
0.268815
0.269433
0.269782
0.268702
0.267682
0.266619
0.265795
0.26577
0.265324
0.265162
0.26457
0.264511
0.263222
0.263643
0.263877
0.263462
0.262738
0.26255
0.262978
0.262463
0.262726
0.26332
0.262969
0.262852
0.262904
0.262077
0.262633
0.262592
0.262228
0.262451
0.262506
0.26222
0.262357
0.261623
0.261803
0.262069
0.261879
0.261869
0.262725
0.262105
0.261833
0.261981
0.261528
0.261229
0.261278
0.261193
0.260568
0.260239
0.260203
0.259706
0.259287
0.25892
0.258598
0.259194
0.258897
0.257916
0.258293
0.258437
0.258568
0.258482
0.258596
0.258217
0.258784
0.258624
0.258292
0.25756
0.258131
0.258237
0.258168
