0.817391
0.807918
0.800777
0.811852
0.816363
0.818542
0.81799
0.818082
0.817854
0.820588
0.806676
0.793923
0.784689
0.775829
0.770022
0.764838
0.76203
0.75818
0.754158
0.750931
0.741592
0.732999
0.724787
0.718012
0.712229
0.704886
0.699075
0.694027
0.69055
0.687133
0.681275
0.673007
0.667029
0.660465
0.656413
0.650498
0.645579
0.640145
0.636217
0.632404
0.625766
0.620137
0.614716
0.610172
0.606578
0.602433
0.597926
0.593958
0.590063
0.586077
0.581902
0.576521
0.572071
0.568402
0.564919
0.561911
0.558573
0.555064
0.551171
0.548427
0.544987
0.541598
0.538363
0.534925
0.531731
0.529212
0.526604
0.524493
0.523243
0.520816
0.518714
0.517095
0.515072
0.513366
0.511557
0.509205
0.507273
0.505982
0.502109
0.500844
0.49974
0.497912
0.497106
0.496389
0.495528
0.494536
0.493961
0.493018
0.492054
0.491909
