0
0.327309
0.346193
0.357191
0.35171
0.353424
0.364038
0.368755
0.370464
0.358226
0.358313
0.361466
0.359164
0.360292
0.360681
0.359917
0.359113
0.357453
0.359521
0.360959
0.35857
0.359495
0.356261
0.354718
0.354147
0.355394
0.354926
0.352963
0.353149
0.353252
0.354938
0.354665
0.353782
0.353302
0.352675
0.353592
0.354094
0.353987
0.354574
0.35532
0.356173
0.356423
0.357647
0.358151
0.356416
0.355917
0.356772
0.355973
0.35658
0.357064
0.35712
0.357227
0.356366
0.354674
0.354744
0.354089
0.353653
0.353029
0.351911
0.351524
0.351844
0.35205
0.35267
0.351805
0.351421
0.351069
0.350759
0.35145
0.35176
0.351923
0.351992
0.35117
0.351429
0.351188
0.351737
0.351567
0.351155
0.351134
0.351354
0.351915
0.350966
0.351283
0.351177
0.351062
0.350439
0.349902
0.34901
0.348061
0.347382
0.34746
0.348194
0.348451
0.348475
0.348071
0.347987
0.347843
0.347985
0.347804
0.348076
0.34823
0.348046
