0
0.241036
0.281773
0.281063
0.294953
0.303007
0.306409
0.312694
0.310516
0.301506
0.295036
0.292628
0.290523
0.289955
0.288098
0.287589
0.285509
0.286184
0.284085
0.282819
0.283001
0.28388
0.281404
0.280246
0.27965
0.2796
0.279906
0.278644
0.279051
0.277862
0.279176
0.280632
0.281022
0.280961
0.281411
0.28217
0.282564
0.282973
0.283681
0.284731
0.285484
0.285038
0.28412
0.284487
0.283682
0.283139
0.284294
0.283511
0.282858
0.283215
0.28285
0.283011
0.282182
0.281018
0.280695
0.280676
0.280143
0.279148
0.278902
0.27872
0.27841
0.277765
0.277336
0.276669
0.276914
0.277084
0.276966
0.276908
0.276938
0.276882
0.276558
0.276165
0.275989
0.276325
0.276789
0.276365
0.276302
0.276227
0.275786
0.275997
0.276192
0.276047
0.275784
0.276111
0.275151
0.275136
0.273486
0.272587
0.271555
0.271579
0.271784
0.271576
0.271103
0.270646
0.270072
0.269585
0.269499
0.269167
0.268621
0.26895
0.268604
