0.793696
0.811747
0.808574
0.799694
0.802184
0.802297
0.802065
0.807004
0.808741
0.808239
0.795051
0.789382
0.779486
0.771665
0.763925
0.759362
0.753106
0.750906
0.750312
0.745495
0.734315
0.724129
0.715023
0.708441
0.701765
0.696918
0.68953
0.684003
0.678964
0.675025
0.668299
0.66143
0.65469
0.648357
0.642395
0.636454
0.631681
0.626351
0.621988
0.618524
0.611526
0.605356
0.599156
0.593495
0.588076
0.583635
0.578577
0.573522
0.568542
0.563958
0.559082
0.555022
0.549576
0.545324
0.54175
0.538331
0.534909
0.53107
0.527646
0.52367
0.51909
0.515537
0.51154
0.508683
0.505531
0.501287
0.498865
0.495373
0.492115
0.488499
0.486151
0.48306
0.480516
0.477202
0.475165
0.471431
0.468057
0.464792
0.462594
0.460451
0.458148
0.456119
0.455526
0.453405
0.451765
0.450056
0.448692
0.447521
0.446204
0.444887
