0
0.12
0.14497
0.160853
0.173815
0.174556
0.175535
0.18039
0.185268
0.190069
0.192067
0.195745
0.200646
0.204129
0.206014
0.207457
0.209822
0.211195
0.213359
0.211607
0.21117
0.210755
0.210496
0.211828
0.212505
0.213184
0.213701
0.215397
0.216935
0.218042
0.219816
0.221321
0.222043
0.223054
0.223208
0.223431
0.223989
0.224571
0.226661
0.227843
0.228856
0.229408
0.230327
0.231501
0.231712
0.232679
0.234178
0.235036
0.233907
0.235444
0.237166
0.23627
0.236463
0.236338
0.237151
0.237123
0.238167
0.237745
0.23841
0.238604
0.236861
0.237982
0.239244
0.239487
0.240324
0.240986
0.24077
0.241074
0.241426
0.241911
0.24203
0.242301
0.242657
0.242813
0.243089
0.243843
0.243853
0.244114
0.24332
0.243198
0.243845
0.244258
0.243741
0.244367
0.244444
0.244409
0.244394
0.244339
0.244712
0.245209
0.2456
0.245396
0.246116
0.246425
0.246578
0.246964
0.247137
0.24702
0.247382
0.247174
0.247456
0.247421
0.247639
0.247106
0.246966
0.24804
0.24784
0.24791
0.247463
0.247508
0.247098
0.247017
0.246671
0.246395
0.246257
0.246198
0.246454
0.24647
0.246328
0.245836
0.246008
0.246327
0.24651
0.246901
0.247018
0.246794
0.246456
0.246334
0.246029
0.246158
0.246016
0.245719
0.24569
0.245467
0.245618
0.246016
0.246367
0.246745
0.247132
0.246908
0.246738
0.246936
0.246967
0.246411
0.246425
0.246197
0.246119
0.246024
0.245878
0.246139
0.245969
0.245838
0.245642
0.245909
0.246097
0.246149
0.245858
0.246045
0.246176
0.246579
0.246489
0.246712
0.246913
0.246838
0.247162
0.247134
0.247399
0.247245
0.247297
0.247679
0.248025
0.247836
0.248054
0.248427
0.248188
0.248173
0.248064
0.248217
0.24831
0.248335
0.24831
0.248343
0.248179
0.247927
0.247751
0.24819
0.248023
0.247745
0.248058
0.247933
0.247622
0.247869
0.248231
0.24845
0.248534
0.248388
0.248327
0.248502
0.248903
0.248584
0.248636
0.248911
0.248797
0.248957
0.248549
0.248504
0.248322
0.248322
0.248402
0.248863
0.24904
0.249044
0.248991
0.248932
0.248873
0.249089
0.248911
0.248479
0.248936
0.248831
0.248726
0.248493
0.248466
0.248763
0.248715
0.249042
0.249007
0.249071
0.249438
0.249414
0.249266
0.248963
0.248863
0.249003
0.249407
0.249455
0.249648
0.249605
0.249638
0.249658
0.249458
0.24968
0.24975
0.249707
0.249528
0.249573
0.249563
0.249356
0.249609
0.249586
0.2496
0.249813
0.250012
0.250168
0.250149
0.25028
0.249751
0.249663
0.249694
0.249513
0.249509
0.249366
0.249496
0.249342
0.249275
0.24918
0.249007
0.249022
0.249071
0.248718
0.248593
0.248598
0.248525
0.248447
0.248496
0.24828
0.248391
0.24854
0.248621
0.248736
0.248941
0.249129
0.249175
0.249393
0.249449
0.249402
0.249378
0.249009
0.248981
0.248952
0.248861
0.248933
0.249025
0.248925
0.248835
0.248824
0.248833
0.248764
0.248901
0.249047
0.248968
0.248957
0.24903
0.249189
0.249142
0.249305
0.249197
0.249334
0.249291
0.249283
0.249153
0.249072
0.24906
0.249043
0.249265
0.249398
0.249545
0.249561
0.249692
0.24976
0.249661
0.249595
0.24953
0.249645
0.2495
0.249572
0.249512
0.249588
0.249566
0.249637
0.249838
0.249995
0.250111
0.250083
0.24989
0.24995
0.249895
0.249486
0.249366
0.249051
0.249189
0.24899
0.248956
0.248794
0.248954
0.249085
0.249119
0.249192
0.249225
0.249122
0.249137
0.249148
0.249329
0.249331
0.249065
0.248981
0.249039
0.249184
0.249238
0.249202
0.249233
0.24904
0.249119
0.249261
0.249242
0.249307
0.249242
0.249323
0.249321
0.24931
0.249387
0.249459
0.249493
0.249478
0.249422
0.249411
0.249241
0.249365
0.249201
0.249219
0.249253
0.249126
0.24904
0.24899
0.248777
0.2489
0.24895
0.248949
0.248884
0.248954
0.248909
0.248884
0.248817
0.248792
0.248764
0.248647
0.248662
0.24863
0.248738
0.248606
0.248552
0.24844
0.248268
0.248181
0.248276
0.248246
0.24811
0.248099
0.248122
0.248231
0.248273
0.248184
0.248259
0.248181
0.248099
0.248033
0.247886
0.247995
0.247944
0.247937
0.248015
0.248228
0.248346
0.248302
0.248237
0.248125
0.248209
0.248207
0.248448
0.248527
0.248508
0.248404
0.248512
0.248575
0.248529
0.248514
0.248507
0.248443
0.248552
0.248506
0.248327
0.24838
0.248303
0.24838
0.248607
0.248561
0.248637
0.248599
0.248533
0.248557
0.248653
0.248785
0.248699
0.248638
0.248457
0.248395
0.248199
0.248199
0.248298
0.248224
0.248289
0.248172
0.248227
0.24809
0.248107
0.248152
0.248258
0.248235
0.248287
0.248301
0.248285
0.248288
0.248223
0.248302
0.248234
0.248156
0.24815
0.248242
0.248185
0.248244
0.248331
0.248495
0.248486
0.24861
0.248527
0.24867
0.248707
0.24877
0.24877
0.248637
0.248573
0.248627
0.248742
0.248638
0.24866
0.248534
0.24832
0.248286
0.248358
0.248419
0.248299
0.248256
0.248192
0.248149
0.248095
0.248065
0.24812
0.248111
0.248102
0.24807
0.247977
0.247993
0.247981
0.248018
0.24798
0.24792
0.247918
0.247874
0.247854
0.247873
0.247832
0.247914
0.247814
0.247847
0.247801
0.247823
0.247789
0.247728
0.247738
0.247616
0.247598
0.24762
0.247627
0.247623
0.247633
0.247637
0.247631
0.247704
0.247594
0.247546
0.247679
0.247846
0.24789
0.247865
0.247752
0.247699
0.247692
0.247736
0.247652
0.247665
0.247698
0.247525
0.24744
0.247357
0.24734
0.247347
0.247384
0.247453
0.247676
0.247722
0.247621
0.247547
0.247623
0.247619
0.2477
0.247644
0.247686
0.247715
0.247746
0.247826
0.247797
0.247757
0.247736
0.24764
0.247666
0.247613
0.247642
0.247621
0.247598
0.24758
0.24763
0.247629
0.247564
0.247656
0.247702
0.247698
0.247667
0.247531
0.247606
0.247628
0.247759
0.247805
0.247897
0.247814
0.247878
0.247931
0.247989
0.248009
0.247997
0.248081
0.248081
0.248061
0.247997
0.248021
0.24805
0.247958
0.247995
0.248034
0.248149
0.248083
0.248147
0.248082
0.248098
0.248063
0.248086
0.248153
0.248092
0.24805
0.24797
0.248121
0.248069
0.248187
0.24809
0.248148
0.248136
0.248158
0.248184
0.248147
0.248085
0.247982
0.248002
0.248066
0.248035
0.248033
0.248051
0.247925
0.248038
0.248002
0.247992
0.24802
0.248016
0.247949
0.248042
0.24796
0.247828
0.247795
0.247789
0.247833
0.247957
0.247975
0.247949
0.24804
0.248065
0.248094
0.248133
0.248102
0.248171
0.248155
0.248149
0.248102
0.248173
0.248195
0.248223
0.248223
0.248228
0.248215
0.248229
0.248108
0.248139
0.248114
0.24814
0.248121
0.248157
0.248254
0.248264
0.248278
0.248377
0.248296
0.248299
0.248136
0.248045
0.248067
0.248095
0.2482
0.248169
0.248142
0.248127
0.248093
0.248085
0.248036
0.24802
0.247933
0.247969
0.248026
0.247975
0.247927
0.247992
0.247944
0.247996
0.247983
0.247971
0.248042
0.247974
0.247932
0.247966
0.24792
0.247828
0.247856
0.247745
0.247849
0.247904
0.247945
0.247906
0.247902
0.247848
0.247764
0.24771
0.247644
0.247699
0.247672
0.247758
0.247711
0.247648
0.24778
0.24792
0.247928
0.247961
0.247886
0.247889
0.247843
0.247889
0.247838
0.247794
0.247846
0.247904
0.247943
0.24798
0.24797
0.248074
0.248057
0.247975
0.247964
0.247893
0.247879
0.247892
0.247916
0.247954
0.247883
0.247913
0.247935
0.247989
0.248043
0.248202
0.24821
0.248219
0.248308
0.248283
0.248212
0.24823
0.248271
0.248261
0.248267
0.248146
0.248194
0.248156
0.248164
0.24822
0.248124
0.248139
0.248147
0.248204
0.248217
0.248253
0.248249
0.248215
0.248264
0.248303
0.248289
0.248251
0.248237
0.248232
0.248236
0.248298
0.248306
0.248288
0.248211
0.248211
0.248211
0.248235
0.248243
0.248204
0.248098
0.248154
0.248111
0.24813
0.248082
0.24811
0.248087
0.248179
0.248177
0.248246
0.24818
0.248219
0.248099
0.248113
0.248102
0.248054
0.24813
0.24803
0.248052
0.247952
0.247975
0.247962
0.247919
0.247917
0.248004
0.248049
0.248089
0.248046
0.247941
0.247944
0.247927
0.247994
0.248055
0.248159
0.248192
0.248219
0.2483
0.248328
0.248227
0.248237
0.248207
0.248218
0.248198
0.248192
0.248213
0.248213
0.24821
0.248174
0.248163
0.248225
0.248196
0.248218
0.248229
0.248259
0.248259
0.248237
0.24828
0.248177
0.24817
0.248211
0.248169
0.248167
0.248109
0.248136
0.24808
0.248078
0.248159
0.248108
0.248103
0.248087
0.248089
0.248162
0.247994
0.247862
0.247888
0.247915
0.247912
0.247877
0.247892
0.247923
0.247992
0.248034
0.248022
0.247997
0.24803
0.248053
0.248027
0.248
0.247994
0.247961
0.247988
0.24796
0.248033
0.24809
0.247992
0.248
0.24802
0.248013
0.248081
0.248064
0.248113
0.248185
0.248144
0.248109
0.248162
0.248143
0.248119
0.248181
0.248223
0.248174
0.248225
0.248204
0.248232
0.24821
0.248227
0.248309
0.248324
0.248268
0.248239
0.248177
0.248004
0.247956
0.2479
0.247947
0.24791
0.247922
0.247899
0.247842
0.247835
0.247848
0.247835
0.24781
0.247813
0.247744
0.247758
0.247651
0.247623
0.247612
0.247562
0.24747
0.247466
0.247479
0.247427
0.247407
0.247444
0.247449
0.247419
0.247428
0.247372
0.247473
0.247519
0.247511
0.247512
0.24748
0.247484
0.247522
0.247471
0.247523
0.247509
0.247495
0.247537
0.247634
0.247566
0.247529
0.24752
0.247554
0.247537
0.247552
0.247507
0.247469
0.247494
0.24747
0.247346
0.247347
0.247292
0.247267
0.247221
0.247278
0.247261
0.247258
0.247298
0.247279
0.247271
0.247298
0.24727
0.24734
0.247401
0.24737
0.2474
0.247438
0.247442
0.247427
0.247406
0.247396
0.247416
0.247412
0.247395
0.247361
0.247394
0.247403
0.247426
0.247421
0.247438
0.247429
0.247491
0.247523
0.24752
0.247535
0.247499
0.247466
