0
0.299259
0.256042
0.260163
0.252714
0.248943
0.251943
0.257321
0.258283
0.261453
0.262374
0.26608
0.267522
0.269414
0.271234
0.273436
0.276808
0.27791
0.280988
0.277415
0.277891
0.279138
0.281181
0.280946
0.282049
0.282435
0.284104
0.285738
0.286766
0.288164
0.28862
0.290022
0.291532
0.293023
0.292743
0.29378
0.294102
0.294226
0.295104
0.295884
0.296589
0.298095
0.298634
0.29961
0.298741
0.300467
0.301458
0.30245
0.301498
0.302183
0.302249
0.302295
0.302493
0.303056
0.303049
0.303955
0.304629
0.304999
0.305854
0.304984
0.30281
0.303299
0.303625
0.303344
0.303974
0.303729
0.302837
0.303016
0.303313
0.302871
0.302617
0.303066
0.303773
0.304191
0.304403
0.304558
0.304543
0.304729
0.303566
0.303189
0.303911
0.304166
0.303608
0.303798
0.303624
0.303754
0.303924
0.30414
0.304484
0.304488
0.303523
0.303163
0.303259
0.30325
0.303113
0.303375
0.303756
0.3035
0.302993
0.302505
0.30206
0.301747
0.302074
0.30182
0.301856
0.3014
0.301394
0.301239
0.300297
0.30015
0.299632
0.29971
0.299628
0.299269
0.299287
0.299266
0.299118
0.299032
0.299091
0.2986
0.298755
0.298597
0.298689
0.298656
0.298716
0.298896
0.298809
0.298692
0.298613
0.298722
0.298561
0.298493
0.298873
0.29849
0.298273
0.298276
0.298308
0.298632
0.298876
0.298949
0.299262
0.299346
0.299533
0.29915
0.299074
0.299132
0.299242
0.299067
0.299138
0.299187
0.299106
0.299265
0.299171
0.299253
0.299153
0.29915
0.298977
0.299007
0.299093
0.299037
0.298811
0.298706
0.298654
0.298547
0.298796
0.298894
0.298723
0.298625
0.298388
0.298439
0.298599
0.298841
0.299009
0.299004
0.298616
0.298752
0.298686
0.298896
0.298822
0.298919
0.298854
0.298795
0.2986
0.29858
0.298136
0.29796
0.298106
0.298059
0.298167
0.298078
0.298025
0.298015
0.298198
0.298416
0.298378
0.298318
0.298312
0.298117
0.298242
0.298451
0.298728
0.29876
0.29872
0.298727
0.298486
0.298395
0.298252
0.297943
0.298084
0.29823
0.29805
0.297942
0.298002
0.298079
0.297999
0.297937
0.297792
0.297918
0.297964
0.298034
0.297887
0.297722
0.297878
0.298015
0.297946
0.297844
0.297722
0.297732
0.297833
0.297728
0.29769
0.29778
0.298068
0.298091
0.298259
0.298279
0.298367
0.29837
0.298444
0.298456
0.298483
0.298594
0.298462
0.298408
0.298269
0.298201
0.29826
0.298306
0.298363
0.298315
0.298258
0.298128
0.298186
0.298328
0.298505
0.298469
0.297971
0.297885
0.297954
0.297755
0.297959
0.298097
0.298048
0.298088
0.298039
0.298147
0.298089
0.298266
0.298323
0.298031
0.298188
0.298166
0.298251
0.298325
0.298399
0.29833
0.298167
0.29826
0.298296
0.29844
0.298381
0.298311
0.298383
0.298376
0.298628
0.298727
0.298877
0.298631
0.29863
0.298554
0.298582
0.298435
0.298562
0.298691
0.298735
0.298773
0.298876
0.298922
0.298989
0.299185
0.299161
0.299248
0.299429
0.29951
0.299559
0.299627
0.299637
0.299715
0.299662
0.299636
0.299449
0.299516
0.299682
0.299816
0.299834
0.299796
0.299958
0.299944
0.300034
0.299859
0.299765
0.299779
0.29981
0.299833
0.299721
0.299659
0.299776
0.299693
0.299614
0.299538
0.29972
0.299698
0.299791
0.299733
0.299517
0.299611
0.299676
0.29932
0.29931
0.298874
0.298914
0.298634
0.298616
0.298454
0.298326
0.298515
0.298373
0.298446
0.298607
0.298509
0.298488
0.298473
0.298496
0.298541
0.298323
0.298191
0.298094
0.298158
0.298065
0.298141
0.298153
0.297988
0.298029
0.297961
0.298016
0.297952
0.297816
0.297779
0.297872
0.297824
0.297787
0.297874
0.298015
0.297936
0.297875
0.297878
0.297928
0.297867
0.297808
0.297687
0.297573
0.297678
0.297539
0.297433
0.297282
0.297457
0.297719
0.297736
0.297624
0.297632
0.297657
0.297623
0.297643
0.297691
0.297615
0.29743
0.297439
0.297368
0.297348
0.297292
0.297178
0.297198
0.297124
0.297057
0.297087
0.297095
0.297074
0.29707
0.297185
0.297378
0.297252
0.297074
0.297259
0.296972
0.29689
0.296834
0.296854
0.296834
0.296817
0.29687
0.296905
0.296985
0.297096
0.297074
0.297035
0.297163
0.297278
0.297242
0.297272
0.29735
0.297278
0.297263
0.297249
0.297232
0.29713
0.297111
0.297224
0.297223
0.297273
0.297375
0.297302
0.297359
0.297354
0.297445
0.297359
0.297422
0.297439
0.297386
0.297385
0.297397
0.297519
0.297487
0.297493
0.297432
0.297321
0.297143
0.297012
0.296974
0.297013
0.297073
0.297111
0.29715
0.297204
0.296941
0.296921
0.296947
0.296951
0.296767
0.296864
0.296877
0.296967
0.296882
0.296811
0.2969
0.296865
0.296933
0.296893
0.296866
0.296934
0.296972
0.297022
0.297127
0.297201
0.297207
0.296961
0.296958
0.296941
0.296888
0.296838
0.296756
0.296761
0.296724
0.296643
0.296655
0.296621
0.296604
0.296411
0.296396
0.296344
0.296302
0.29628
0.296292
0.296359
0.296386
0.29625
0.296267
0.296254
0.296224
0.296145
0.29603
0.295983
0.295959
0.295993
0.29601
0.295997
0.295936
0.295982
0.296014
0.296086
0.296028
0.296048
0.296042
0.296029
0.295973
0.295936
0.29596
0.295804
0.295848
0.295849
0.2957
0.295755
0.295825
0.295907
0.29578
0.295732
0.295731
0.295716
0.295774
0.295644
0.295708
0.295833
0.295895
0.295979
0.295985
0.295916
0.295906
0.295892
0.295881
0.295667
0.295685
0.295675
0.295439
0.295453
0.295262
0.295292
0.295251
0.295222
0.295239
0.295202
0.295257
0.295227
0.295215
0.295191
0.295264
0.295272
0.295332
0.295363
0.295438
0.295444
0.29552
0.295547
0.295483
0.295478
0.295299
0.295298
0.295226
0.29533
0.295279
0.295291
0.295257
0.295276
0.295325
0.295236
0.295176
0.295173
0.295211
0.29519
0.295174
0.295209
0.295224
0.295166
0.295253
0.295311
0.295322
0.29535
0.295363
0.295447
0.29541
0.29539
0.295441
0.295404
0.295422
0.295417
0.295425
0.295376
0.295369
0.295414
0.295392
0.29537
0.295371
0.295276
0.295331
0.29526
0.295301
0.295373
0.29538
0.295233
0.295233
0.295199
0.295244
0.295148
0.295172
0.295209
0.295164
0.295227
0.295167
0.295214
0.295183
0.295074
0.294943
0.294946
0.294977
0.294913
0.294814
0.294701
0.294692
0.294639
0.29463
0.294657
0.294619
0.294588
0.294552
0.294574
0.294558
0.294548
0.294519
0.294547
0.294537
0.294614
0.29455
0.294628
0.29458
0.294596
0.294633
0.294643
0.294677
0.294741
0.294676
0.294666
0.294556
0.294518
0.294459
0.294482
0.294456
0.294421
0.294459
0.294428
0.294429
0.294456
0.294516
0.294542
0.294545
0.294548
0.294582
0.294679
0.29462
0.294651
0.29455
0.294562
0.294469
0.294376
0.294354
0.294409
0.294454
0.294399
0.294292
0.294222
0.294056
0.294071
0.29399
0.294006
0.293987
0.294065
0.294038
0.294106
0.294106
0.294168
0.294144
0.294219
0.294262
0.294289
0.294187
0.294172
0.294156
0.294172
0.29414
0.294135
0.29412
0.29408
0.294021
0.29402
0.294045
0.29411
0.294071
0.294043
0.294043
0.293949
0.293901
0.293864
0.293816
0.293796
0.293767
0.293765
0.293871
0.293874
0.293891
0.293893
0.293936
0.293982
0.293999
0.294033
0.293966
0.293941
0.293886
0.293964
0.293987
0.294031
0.294047
0.294109
0.294114
0.294111
0.294142
0.294117
0.294149
0.294166
0.294184
0.294138
0.294167
0.294203
0.29423
0.294191
0.294268
0.294224
0.294274
0.294267
0.294303
0.294296
0.294295
0.294341
0.294432
0.294462
0.294492
0.294485
0.294484
0.29454
0.294525
0.294481
0.294442
0.294378
0.294327
0.294375
0.294344
0.294368
0.294326
0.294346
0.294343
0.294399
0.294427
0.294492
0.294471
0.294474
0.294487
0.294534
0.294542
0.294503
0.294441
0.294473
0.29447
0.294493
0.294458
0.29448
0.294345
0.294453
0.294437
0.294366
0.294332
0.294343
0.294354
0.294377
0.294409
0.294414
0.294402
0.294459
0.294368
0.294389
0.294408
0.294383
0.294416
0.294262
0.294185
0.294206
0.294188
0.294166
0.294169
0.294185
0.294154
0.294207
0.294163
0.294132
0.293981
0.293916
0.293905
0.293918
0.293937
0.29392
0.29393
0.293937
0.293957
0.293972
0.293932
0.293915
0.293856
0.29392
0.293927
0.293917
0.293893
0.293934
0.293864
0.293864
0.29389
0.293867
0.293838
0.293817
0.29377
0.293841
0.293853
0.293885
0.293875
0.293739
0.293763
0.293809
0.29379
0.293797
0.293734
0.293737
0.293747
0.29372
0.29379
0.293822
0.293818
0.293842
0.293834
0.293843
0.293624
0.293505
0.293531
0.293484
0.293478
0.293434
0.293461
0.293446
0.293444
0.293433
0.293405
0.293383
0.293411
0.293469
0.293515
0.293502
0.293528
0.293505
0.293533
0.293435
0.293451
0.293483
0.293399
0.2934
0.293399
0.293425
0.293413
0.293448
0.293462
0.293501
0.293519
0.293502
0.293516
0.293566
0.293545
0.293563
0.29355
0.293506
0.293543
0.293534
0.293548
0.293529
0.293538
0.293609
0.293656
0.293663
0.293624
0.293623
0.293478
0.29348
0.29355
0.293597
0.29363
0.29366
0.293718
0.293734
0.293732
0.293732
0.293751
0.293785
0.293784
0.293777
0.293758
0.29367
0.293606
0.293605
0.293574
0.293542
0.293548
0.293536
0.293478
0.29351
0.293535
0.293538
0.293499
0.293548
0.293545
0.293528
0.29355
0.293499
0.293496
0.293471
0.293483
0.293477
0.293446
0.293442
0.293411
0.293387
0.293383
0.293399
0.293366
0.293352
0.293306
0.293307
0.293294
0.29329
0.293336
0.293293
0.293298
0.293276
0.293139
0.293142
0.2931
0.293066
0.293027
0.292969
0.292974
0.292969
0.292957
0.292943
0.292938
0.292972
0.292987
0.293011
0.293072
0.293058
0.293063
0.293121
0.293092
0.2931
0.293093
0.2931
0.293145
0.293139
0.293127
0.293187
0.293184
0.293197
0.293211
0.293209
0.293148
0.293138
0.293171
0.293156
0.293176
0.293206
0.293168
0.293199
