0.818854
0.826886
0.825499
0.816376
0.819754
0.817252
0.818231
0.818638
0.820317
0.82064
0.803983
0.789899
0.779906
0.769774
0.761832
0.756914
0.751062
0.746109
0.742994
0.736752
0.728285
0.72093
0.713233
0.705551
0.69824
0.691215
0.686517
0.682696
0.678292
0.672741
0.666872
0.660698
0.654758
0.646865
0.640691
0.634828
0.630352
0.624793
0.620241
0.615085
0.60959
0.604459
0.599397
0.594244
0.588814
0.583454
0.578826
0.575003
0.570388
0.564786
0.559741
0.554769
0.549834
0.545496
0.540655
0.535919
0.531769
0.527562
0.523295
0.519776
0.515975
0.512271
0.508902
0.505187
0.501777
0.498076
0.495055
0.490382
0.487104
0.483747
0.481164
0.477518
0.474574
0.471737
0.468797
0.466625
0.464766
0.462642
0.460203
0.457546
0.455437
0.453789
0.451347
0.449417
0.447362
0.445217
0.442817
0.44142
0.439643
0.437824
0.436157
0.435
0.434169
0.432871
0.43181
0.430998
0.429547
0.427545
0.426664
0.425173
0.423947
0.422781
0.421907
0.421342
0.420502
0.420042
0.419179
0.418302
0.416836
0.415882
0.415457
0.415103
0.414348
0.41413
0.413551
0.413062
0.412234
0.411448
0.410908
0.410248
0.409685
0.409104
0.408174
0.407713
0.407012
0.406493
0.406021
0.405453
0.404936
0.404432
0.40416
0.403657
0.403054
0.402475
0.401912
0.401455
0.400623
0.399917
0.399553
0.399292
0.398546
0.397866
0.397334
0.396579
0.396103
0.395888
0.395211
0.395069
0.394704
0.39416
0.394085
0.394118
0.393646
0.393344
0.393175
0.392586
0.39252
0.391903
0.391652
0.391328
0.391153
0.390965
0.390886
0.390305
0.39008
0.389796
0.389746
0.389233
0.38897
0.388448
0.388065
0.387736
0.387397
0.386777
0.386595
0.386472
0.385715
0.385637
0.385184
0.384999
0.385092
0.384814
0.384982
0.384761
0.38451
0.384224
0.384152
0.384013
0.384057
0.384017
0.383935
0.38392
0.383827
0.383685
0.383571
0.383348
0.383112
0.383078
0.383104
0.382829
0.382727
0.382587
0.382615
0.382591
0.382654
0.382565
0.382391
0.382408
0.382302
0.382258
0.381882
0.382024
0.381768
0.381775
0.381739
0.381582
0.381523
0.381485
0.381503
0.381318
0.381536
0.381379
0.381261
0.381236
0.38115
0.380994
0.380844
0.380827
0.380714
0.380408
0.38021
0.380003
0.379868
0.379496
0.379398
0.379345
0.379275
0.379299
0.379199
0.379195
0.37896
0.378816
0.378812
0.378735
0.378787
0.378053
0.3778
0.377792
0.37763
0.377567
0.37743
0.377456
0.377404
0.377197
0.377151
0.37708
0.377192
0.377247
0.377043
0.37702
0.376958
0.376916
0.377087
0.377091
0.376969
0.376748
0.376844
0.376677
0.37656
0.376559
0.376407
0.376389
0.376474
0.376483
0.37647
0.376579
0.376082
0.376126
0.376179
0.376064
0.376122
0.376197
0.376172
0.376248
0.376418
0.376677
0.376866
0.377011
0.377126
0.37709
0.377022
0.377124
0.377191
0.377298
0.377437
0.37756
0.377497
0.377451
0.377497
0.37736
0.377252
0.377242
0.377318
0.377263
0.377297
0.377238
0.377187
0.377219
0.377196
0.377287
0.377315
0.377132
0.377203
0.377212
0.377141
0.377214
0.377276
0.377094
0.376972
0.377109
0.37731
0.377367
0.377423
0.376901
0.377062
0.377009
0.376498
0.376465
0.375974
0.375855
0.375635
0.375483
0.375539
0.375479
0.375513
0.3756
0.375585
0.375701
0.375731
0.375733
0.375749
0.375599
0.375499
0.375196
0.375152
0.374982
0.37512
0.375058
0.375012
0.375085
0.374789
0.374779
0.37495
0.375099
0.375078
0.375121
0.375154
0.375247
0.37532
0.375338
0.37548
0.375531
0.375523
0.375577
0.375559
0.375464
0.375449
0.375283
0.375218
0.374959
0.375047
0.37499
0.374913
0.374626
0.374503
0.374437
0.374495
0.374453
0.374481
0.374487
0.374477
0.374525
0.374414
0.374318
0.374148
0.374133
0.37401
0.37391
0.373772
0.373779
0.373652
0.373516
0.373553
0.373655
0.373641
0.373615
0.373583
0.373562
0.373596
0.373534
0.373456
0.373508
0.373367
0.373227
0.373209
0.373251
0.37328
0.373304
0.373303
0.373281
0.373268
0.373373
0.373244
0.373124
0.373148
0.373238
0.373234
0.373266
0.373328
0.373231
0.373078
0.373088
0.372982
0.372801
0.372743
0.372747
0.372665
0.372701
0.372638
0.372597
0.372603
0.372576
0.372511
0.37245
0.372347
0.3724
0.372398
0.372319
0.372352
0.372325
0.372245
0.372229
0.372218
0.371954
0.371722
0.371521
0.371512
0.371469
0.37142
0.37138
0.371239
0.371316
0.371052
0.37102
0.370974
0.370958
0.370767
0.370697
0.370694
0.370633
0.370459
0.370335
0.370299
0.370349
0.370346
0.370289
0.370258
0.370241
0.370171
0.37017
0.370192
0.370243
0.37036
0.370155
0.370075
0.370018
0.369904
0.369884
0.36982
0.369826
0.369737
0.36977
0.369715
0.369639
0.369476
0.369179
0.36911
0.369123
0.369099
0.369006
0.368942
0.369009
0.36904
0.368927
0.368875
0.368887
0.368813
0.368699
0.36858
0.368605
0.368647
0.368614
0.368657
0.368617
0.368596
0.368547
0.368548
0.368481
0.368493
0.368533
0.368628
0.368559
0.368562
0.368529
0.368503
0.368366
0.368341
0.368348
0.368179
0.368206
0.368164
0.368274
0.368267
0.368293
0.368314
0.368328
0.36829
0.368172
0.36826
0.368231
0.368336
0.368385
0.368412
0.368343
0.368383
0.368407
0.368452
0.368294
0.368343
0.368435
0.368169
0.368227
0.368108
0.36812
0.368061
0.368032
0.36806
0.36808
0.368172
0.368144
0.3682
0.368282
0.368387
0.368454
0.368456
0.368555
0.368615
0.368706
0.368794
0.368747
0.368757
0.368809
0.368603
0.368578
0.368656
0.368636
0.368625
0.368541
0.368478
0.368487
0.368481
0.36834
0.368287
0.368265
0.368243
0.368248
0.368213
0.368249
0.368283
0.368184
0.368197
0.368249
0.368194
0.368197
0.368189
0.368266
0.368311
0.368346
0.368378
0.368435
0.368427
0.368426
0.368421
0.368432
0.368505
0.368531
0.368572
0.368597
0.368582
0.368567
0.368558
0.368531
0.368507
0.368611
0.368655
0.368525
0.368537
0.368562
0.368565
0.368457
0.368452
0.368472
0.368466
0.368532
0.368564
0.368585
0.368507
0.368431
0.368339
0.368351
0.368352
0.368285
0.368203
0.368187
0.368199
0.368195
0.36823
0.368284
0.368278
0.368235
0.368135
0.368077
0.367949
0.367889
0.367788
0.367852
0.367806
0.367848
0.367862
0.367901
0.367867
0.367782
0.367811
0.36786
0.367844
0.36788
0.367864
0.367881
0.367867
0.367783
0.367815
0.367784
0.367752
0.367768
0.367737
0.367744
0.367645
0.367646
0.367642
0.36766
0.367686
0.36767
0.367723
0.367746
0.367709
0.367731
0.367627
0.367671
0.367403
0.367301
0.367244
0.367223
0.367251
0.36729
0.367234
0.367219
0.367049
0.367083
0.366996
0.367008
0.366991
0.367039
0.367124
0.367139
0.367142
0.367211
0.367118
0.367125
0.367058
0.367068
0.36695
0.366887
0.366922
0.366929
0.366924
0.366946
0.366924
0.366834
0.366823
0.36685
0.366932
0.366957
0.366956
0.366865
0.366846
0.366681
0.366522
0.3665
0.366537
0.366545
0.366536
0.366572
0.366612
0.366624
0.366719
0.366722
0.366799
0.366899
0.366921
0.366945
0.366967
0.366987
0.366928
0.367013
0.367056
0.36703
0.367031
0.367051
0.367071
0.366976
0.367051
0.367015
0.367037
0.367063
0.367054
0.367126
0.367105
0.367094
0.367155
0.367185
0.367268
0.36725
0.3673
0.367335
0.367394
0.367461
0.367472
0.367465
0.367515
0.367544
0.367561
0.367588
0.367654
0.367711
0.367745
0.367803
0.367825
0.367916
0.367931
0.367956
0.367945
0.368018
0.367997
0.368011
0.367994
0.368037
0.368158
0.368214
0.368199
0.368206
0.368273
0.368332
0.368341
0.368308
0.368234
0.368214
0.368239
0.368283
0.368289
0.368319
0.368258
0.368304
0.368333
0.368292
0.36831
0.368355
0.368397
0.368373
0.368417
0.368488
0.368461
0.368516
0.368437
0.368502
0.368548
0.368544
0.368577
0.368383
0.368424
0.368402
0.368435
0.368496
0.368473
0.368436
0.368462
0.368546
0.368556
0.368552
0.368346
0.368344
0.368413
0.368498
0.368563
0.368561
0.36858
0.368634
0.368662
0.3686
0.368674
0.36873
0.368774
0.368806
0.368869
0.368904
0.368869
0.368956
0.368875
0.368862
0.368922
0.368907
0.368933
0.368963
0.369043
0.369077
0.369144
0.369154
0.369179
0.369004
0.369097
0.36916
0.369117
0.369174
0.369102
0.369116
0.369138
0.369148
0.369245
0.369225
0.369311
0.36933
0.369302
0.369338
0.36913
0.369
0.369055
0.369116
0.369186
0.369204
0.369243
0.369228
0.369292
0.369395
0.369429
0.36948
0.369496
0.369507
0.369504
0.369541
0.369567
0.36954
0.369563
0.369498
0.369529
0.369578
0.369424
0.369444
0.369494
0.369537
0.369585
0.369599
0.369658
0.369666
0.369679
0.36968
0.36972
0.369781
0.369762
0.369837
0.369869
0.369795
0.369806
0.369784
0.369773
0.369692
0.369727
0.36977
0.369764
0.369729
0.369666
0.369679
0.369517
0.369524
0.369554
0.36958
0.369631
0.369616
0.369691
0.369703
0.369639
0.36969
0.369722
0.369788
0.369803
0.369877
0.369872
0.369765
0.369707
0.369733
0.369716
0.369681
0.369652
0.369615
0.369555
0.369557
0.369561
0.369489
0.369454
0.369471
0.369452
0.36943
0.369459
0.369431
0.369378
0.369332
0.369334
0.369332
0.369245
0.369219
0.36918
0.369148
0.369127
0.369172
0.369145
0.369095
0.369005
0.368988
0.368949
0.36896
0.36895
0.368932
0.368945
0.368914
0.368767
0.368725
0.368682
0.368654
0.368558
0.368532
0.36849
0.368421
0.368401
0.368359
0.368349
0.368342
0.368302
0.368304
0.368299
0.368271
0.368219
0.368185
0.36815
0.368158
0.368124
0.368089
0.368073
0.368021
0.368004
0.367943
0.367939
0.367911
0.367897
0.367891
0.367826
0.367796
0.367775
0.367747
0.367731
0.367715
0.367655
0.367608
