0
0.18591
0.20878
0.213618
0.217609
0.22409
0.232221
0.23878
0.239426
0.241163
0.239726
0.241932
0.241674
0.242174
0.243127
0.243444
0.244272
0.244898
0.247169
0.242841
0.244026
0.244321
0.244953
0.243115
0.238357
0.238086
0.239621
0.238916
0.234797
0.235242
0.233802
0.233361
0.234129
0.233497
0.232757
0.232922
0.233152
0.232906
0.232716
0.232666
0.232918
0.232039
0.231985
0.23183
0.231416
0.230903
0.230457
0.230231
0.230277
0.230047
0.229661
0.229907
0.229342
0.229474
0.22943
0.229091
0.228808
0.228328
0.2283
0.228663
0.228681
0.228792
0.228918
0.229341
0.229422
0.229939
0.230334
0.229651
0.229526
0.229952
0.229606
0.229561
0.229736
0.229855
0.230316
0.230391
0.230382
0.230111
0.230366
0.230145
0.230411
0.230364
0.230446
0.230403
0.230283
0.230744
0.230658
0.230852
0.230782
0.230627
0.230646
0.23014
0.229708
0.22995
0.229881
0.230001
0.230333
0.230366
0.230608
0.230374
0.230197
