0.815287
0.82009
0.819388
0.827483
0.825312
0.82001
0.822073
0.82223
0.820236
0.823442
0.80843
0.795747
0.783747
0.774815
0.769064
0.764005
0.760484
0.75574
0.752169
0.74764
0.738044
0.729586
0.718872
0.711462
0.70454
0.697864
0.692222
0.687081
0.682267
0.678188
0.671179
0.663996
0.656652
0.650558
0.643982
0.63947
0.632308
0.626468
0.621167
0.617768
0.610469
0.603153
0.598926
0.593213
0.588333
0.583399
0.579045
0.574609
0.569888
0.565956
0.560875
0.556531
0.552456
0.547015
0.542155
0.538482
0.534375
0.530214
0.526268
0.522764
0.518759
0.514766
0.511438
0.507795
0.503294
0.500068
0.496515
0.493356
0.490082
0.487471
0.48587
0.483248
0.480192
0.477326
0.47522
0.472877
0.470669
0.468033
0.46569
0.46355
0.461695
0.459254
0.457684
0.455784
0.454109
0.45275
0.450945
0.449214
0.447256
0.445037
