0
0.295688
0.336049
0.342213
0.350406
0.355773
0.354252
0.355562
0.356372
0.358413
0.354812
0.35344
0.352696
0.356608
0.359049
0.358836
0.352045
0.352071
0.350875
0.351045
0.350226
0.349771
0.3503
0.347992
0.348097
0.349862
0.347976
0.347391
0.345188
0.344201
0.343162
0.342063
0.341557
0.340672
0.340227
0.340453
0.340168
0.339529
0.337556
0.337507
0.338145
0.33788
0.338147
0.336972
0.336429
0.335861
0.337031
0.337526
0.338031
0.339052
0.338233
0.338436
0.337967
0.338132
0.338696
0.338844
0.33895
0.3388
0.3398
0.33908
0.338653
0.338616
0.337989
0.338498
0.339646
0.339683
0.338624
0.338758
0.338583
0.337957
0.337772
0.338098
0.338701
0.338569
0.339684
0.339327
0.339476
0.339387
0.339153
0.339295
0.339366
0.339262
0.339329
0.339515
0.339828
0.3389
0.338807
0.338757
0.33886
0.339123
0.339471
0.339229
0.339618
0.339745
0.339546
0.339768
0.339348
0.339613
0.339379
0.33961
0.339177
