0
0.206628
0.225933
0.241536
0.249507
0.255787
0.259728
0.260593
0.262658
0.262245
0.259021
0.259989
0.259061
0.259882
0.262452
0.264121
0.257567
0.255564
0.253648
0.253354
0.253744
0.251995
0.250813
0.24987
0.249396
0.249903
0.249059
0.24847
0.248383
0.24789
0.248156
0.246776
0.243771
0.243878
0.244508
0.244585
0.243883
0.244169
0.242818
0.242143
0.24133
0.241251
0.241098
0.240527
0.240012
0.24118
0.240729
0.240955
0.241087
0.240897
0.240313
0.239878
0.240044
0.239855
0.240116
0.240045
0.240293
0.240027
0.240203
0.240209
0.240226
0.240217
0.240345
0.239857
0.240091
0.239567
0.239885
0.23984
0.239683
0.239691
0.239851
0.239567
0.239817
0.239554
0.239635
0.239645
0.239854
0.239725
0.240088
0.240172
0.23982
0.239411
0.239456
0.239629
0.239316
0.238614
0.238758
0.239293
0.239017
0.239267
0.239315
0.239243
0.239646
0.240038
0.239924
0.23986
0.240022
0.239871
0.239933
0.239808
0.239479
