0.806061
0.798529
0.800199
0.812312
0.809581
0.80557
0.805519
0.802432
0.809072
0.806926
0.791132
0.779842
0.771818
0.766616
0.759075
0.753976
0.746411
0.742401
0.735904
0.731081
0.719709
0.713809
0.704443
0.695896
0.688799
0.683128
0.678466
0.672918
0.667298
0.661983
0.654241
0.648117
0.64192
0.634675
0.628493
0.622698
0.618531
0.613546
0.608692
0.604718
0.599824
0.594678
0.588083
0.583042
0.577869
0.573068
0.568341
0.563101
0.559164
0.554526
0.549622
0.545107
0.540871
0.536483
0.531501
0.526559
0.522592
0.518973
0.514332
0.510969
0.506037
0.502376
0.498378
0.495094
0.491177
0.487354
0.484736
0.481553
0.478469
0.476054
0.472463
0.469801
0.467616
0.46479
0.461906
0.459273
0.456378
0.453725
0.451234
0.449082
0.447586
0.44599
0.444155
0.442046
0.440375
0.438935
0.437455
0.434848
0.433318
0.431343
