0
0.189139
0.208373
0.224238
0.226452
0.229953
0.237372
0.242013
0.244604
0.24532
0.243468
0.244898
0.24587
0.248033
0.248712
0.24678
0.242147
0.241681
0.240956
0.239628
0.2405
0.240847
0.241531
0.239686
0.239926
0.239494
0.239694
0.240775
0.240872
0.241187
0.241339
0.241688
0.242337
0.243332
0.243418
0.243127
0.243165
0.243119
0.243714
0.244617
0.245778
0.24634
0.246684
0.246008
0.245718
0.245843
0.245821
0.246289
0.246622
0.246699
0.247206
0.248107
0.247705
0.246895
0.246874
0.248184
0.247568
0.247785
0.246751
0.246301
0.245987
0.246252
0.24614
0.24621
0.246287
0.246592
0.246265
0.246014
0.24598
0.245785
0.245761
0.245873
0.245685
0.246123
0.246861
0.246827
0.246789
0.246791
0.246345
0.246271
0.246035
0.246246
0.246605
0.246545
0.246608
0.247053
0.247457
0.247737
0.248049
0.247602
0.247297
0.246609
0.246487
0.246718
0.246539
0.246405
0.246129
0.245674
0.245144
0.244837
0.244733
