0
0.253219
0.304531
0.339053
0.343414
0.340391
0.341972
0.344788
0.347191
0.344472
0.347615
0.348591
0.346702
0.347311
0.347362
0.3445
0.338939
0.337257
0.338222
0.336843
0.336094
0.33572
0.33556
0.337058
0.334509
0.335072
0.336278
0.337466
0.336921
0.336936
0.337576
0.336878
0.338035
0.338863
0.339414
0.338055
0.339804
0.340033
0.340978
0.340449
0.341869
0.342385
0.342771
0.342753
0.343754
0.34544
0.345247
0.345869
0.345986
0.34659
0.347135
0.347686
0.348427
0.347324
0.347757
0.347774
0.347944
0.348335
0.347226
0.347097
0.347891
0.348504
0.349755
0.349969
0.350294
0.34962
0.35061
0.350107
0.349821
0.349921
0.349552
0.350482
0.350249
0.350066
0.35082
0.351234
0.351238
0.350456
0.349851
0.349057
0.348945
0.349779
0.350031
0.350189
0.350073
0.350005
0.349607
0.349641
0.350425
0.350103
0.350176
0.349139
0.349127
0.349835
0.349248
0.349065
0.348978
0.349137
0.349
0.349015
0.349148
