0
0.218075
0.300584
0.326785
0.32974
0.329306
0.331258
0.327528
0.332924
0.334723
0.333464
0.323063
0.323229
0.321773
0.321108
0.321002
0.319191
0.320719
0.320559
0.321691
0.321395
0.322011
0.322215
0.321767
0.320175
0.32037
0.321104
0.320565
0.321406
0.319861
0.320392
0.320575
0.320313
0.320069
0.31918
0.317987
0.317238
0.316731
0.316818
0.317711
0.317126
0.318036
0.318668
0.31935
0.318605
0.3185
0.31852
0.318674
0.317683
0.316793
0.316774
0.31682
0.318227
0.318205
0.318767
0.318945
0.318758
0.318153
0.317725
0.317301
0.317897
0.318238
0.31744
0.317614
0.316704
0.317025
0.316839
0.316513
0.317765
0.318043
0.31816
0.317531
0.317752
0.318403
0.319045
0.319107
0.319035
0.319494
0.319746
0.319501
0.320069
0.320077
0.319903
0.320036
0.319447
0.319651
0.320161
0.320356
0.320541
0.320404
0.320504
0.320364
0.321085
0.321513
0.321347
0.320748
0.321043
0.320939
0.321124
0.321472
0.321233
