0
0.144603
0.222222
0.24372
0.249617
0.256779
0.263569
0.263372
0.271803
0.278353
0.281613
0.274814
0.272022
0.267888
0.26493
0.263409
0.260806
0.260173
0.255761
0.254882
0.255103
0.254255
0.253613
0.253159
0.251998
0.251623
0.250588
0.249478
0.250921
0.248347
0.247548
0.247404
0.247677
0.247579
0.246938
0.244809
0.24486
0.24425
0.244614
0.244325
0.244235
0.243669
0.243735
0.243815
0.243764
0.24342
0.243376
0.2441
0.243674
0.244619
0.24457
0.245157
0.244487
0.244421
0.243962
0.244142
0.243562
0.243738
0.243592
0.243252
0.243941
0.244285
0.24452
0.244768
0.244755
0.245034
0.245094
0.245298
0.245796
0.245742
0.245928
0.245764
0.245914
0.246353
0.246331
0.246126
0.246111
0.246351
0.246041
0.245924
0.246078
0.246657
0.246714
0.247423
0.247026
0.247392
0.247881
0.247766
0.247944
0.247862
0.247296
0.24769
0.247783
0.248417
0.248553
0.248432
0.24884
0.24902
0.249174
0.249398
0.249638
