0
0.140756
0.179938
0.21316
0.228439
0.234836
0.240054
0.241701
0.246773
0.244454
0.247788
0.248871
0.251727
0.251423
0.251858
0.253151
0.25408
0.253988
0.255283
0.258073
0.261317
0.263103
0.262436
0.262428
0.25924
0.25772
0.257386
0.25695
0.257164
0.255777
0.256448
0.256085
0.256373
0.253968
0.254784
0.254648
0.254876
0.25426
0.254444
0.254649
0.253797
0.253653
0.254023
0.254365
0.255037
0.254699
0.255225
0.255271
0.255357
0.255113
0.254349
0.253735
0.254081
0.254014
0.253507
0.253885
0.2536
0.253758
0.253186
0.252993
0.252774
0.253038
0.253072
0.253771
0.253866
0.253637
0.253438
0.253814
0.253107
0.253653
0.254003
0.253804
0.254184
0.254337
0.25419
0.253969
0.253465
0.253212
0.253714
0.253563
0.253449
0.253235
0.253249
0.253071
0.253147
0.253366
0.253558
0.254673
0.254617
0.254846
0.254783
0.255074
0.254703
0.254912
0.255123
0.255082
0.255336
0.255111
0.255226
0.255259
0.255383
