0
0.21374
0.259439
0.268008
0.269006
0.278125
0.287349
0.292204
0.295629
0.294468
0.29813
0.30028
0.304325
0.305031
0.307256
0.308084
0.309976
0.309049
0.31057
0.310768
0.312017
0.312333
0.312361
0.313484
0.308275
0.308532
0.309725
0.30846
0.309036
0.307747
0.307686
0.30678
0.307342
0.305158
0.304468
0.304677
0.305568
0.305794
0.305817
0.305034
0.304458
0.305169
0.306198
0.307654
0.308489
0.308867
0.308282
0.308778
0.309344
0.309755
0.308876
0.308741
0.309094
0.308833
0.308864
0.308813
0.30901
0.308938
0.308516
0.308436
0.307936
0.308358
0.307754
0.308427
0.308149
0.307676
0.307579
0.308553
0.308676
0.308912
0.309463
0.310192
0.309536
0.309452
0.310185
0.310216
0.310179
0.309741
0.309592
0.309407
0.308904
0.309139
0.309126
0.309407
0.309043
0.309482
0.309936
0.310055
0.310262
0.310786
0.310471
0.310644
0.310674
0.310633
0.311124
0.311543
0.311206
0.310968
0.31094
0.311238
0.31141
