0.858934
0.841615
0.839431
0.847958
0.842995
0.841056
0.836526
0.830855
0.826245
0.824509
0.811622
0.798747
0.785813
0.775144
0.768125
0.758646
0.753954
0.748758
0.743887
0.739585
0.728657
0.720081
0.713076
0.705985
0.697644
0.692761
0.684825
0.678128
0.671798
0.667168
0.66033
0.653604
0.647274
0.640733
0.635028
0.628789
0.624411
0.619859
0.615343
0.611354
0.60435
0.598654
0.591667
0.58619
0.581549
0.576437
0.571913
0.566662
0.562784
0.558604
0.553491
0.54882
0.544685
0.541039
0.53637
0.53231
0.528154
0.523993
0.519716
0.516681
0.511685
0.508275
0.504085
0.500188
0.497386
0.494666
0.491353
0.488166
0.484854
0.481114
0.477559
0.474647
0.471762
0.469282
0.466517
0.464117
0.462183
0.459639
0.458067
0.455826
0.45361
0.451374
0.449001
0.446818
0.44518
0.44369
0.44184
0.439777
0.438358
0.43687
