0
0.112676
0.144737
0.147508
0.152076
0.152913
0.159236
0.158181
0.159759
0.162386
0.170397
0.172701
0.174879
0.176261
0.17844
0.179933
0.183886
0.186807
0.1875
0.18984
0.191858
0.192231
0.194129
0.195269
0.196544
0.196628
0.198366
0.200113
0.199818
0.199363
0.200241
0.200167
0.199283
0.200667
0.201269
0.202643
0.202371
0.202807
0.204158
0.204089
0.20296
0.203603
0.204475
0.205133
0.205948
0.206376
0.206381
0.206995
0.207485
0.208209
0.208186
0.208227
0.208843
0.208991
0.210026
0.210194
0.209557
0.209722
0.209649
0.210394
0.210845
0.211791
0.212561
0.212708
0.212716
0.213539
0.214161
0.21413
0.214662
0.214683
0.214067
0.214573
0.214479
0.214593
0.214647
0.21438
0.214793
0.215402
0.215156
0.214924
0.215207
0.215425
0.215346
0.215847
0.215998
0.215961
0.215309
0.214991
0.214888
0.214502
0.214716
0.214995
0.215186
0.215463
0.215613
0.215995
0.21576
0.216195
0.21618
0.216219
0.215858
