0.806358
0.8207
0.817913
0.816066
0.816993
0.809761
0.805907
0.804896
0.806483
0.807304
0.797568
0.783482
0.773927
0.767781
0.762335
0.753479
0.751157
0.747439
0.742571
0.737112
0.728255
0.717484
0.711018
0.701613
0.694686
0.689567
0.682951
0.678506
0.671865
0.667302
0.660374
0.65242
0.646305
0.639022
0.634336
0.629471
0.623012
0.616605
0.611826
0.607889
0.602759
0.596997
0.591195
0.585995
0.582364
0.576707
0.57194
0.566356
0.562642
0.558399
0.553075
0.547839
0.543393
0.537799
0.534552
0.52984
0.525792
0.523133
0.519113
0.514287
0.50993
0.505211
0.501733
0.498901
0.495649
0.492458
0.488806
0.485016
0.481704
0.479007
0.476612
0.473973
0.470863
0.468451
0.465856
0.46237
0.459429
0.457024
0.454081
0.452403
0.450527
0.449078
0.44742
0.445898
0.444304
0.442189
0.440777
0.438689
0.436852
0.434751
