0
0.221757
0.205102
0.210839
0.219048
0.223324
0.231311
0.244502
0.250759
0.256215
0.256776
0.258156
0.256915
0.254305
0.256994
0.260144
0.264038
0.266267
0.260728
0.259445
0.258177
0.258543
0.258093
0.259411
0.26054
0.258595
0.256924
0.257223
0.258741
0.259223
0.258482
0.260008
0.259625
0.259373
0.259942
0.261062
0.261854
0.261102
0.261124
0.261652
0.261458
0.262228
0.263363
0.263856
0.263664
0.264118
0.264282
0.265149
0.265991
0.266507
0.267078
0.267703
0.267661
0.26707
0.267274
0.267324
0.267511
0.266977
0.267178
0.267151
0.267955
0.268755
0.269616
0.270128
0.270496
0.270807
0.270196
0.27103
0.271791
0.271629
0.271457
0.272288
0.272383
0.273444
0.274276
0.273946
0.27475
0.274891
0.274752
0.27485
0.274365
0.275035
0.275309
0.27537
0.275583
0.27635
0.276705
0.277731
0.27679
0.276829
0.27706
0.277238
0.277505
0.278133
0.278224
0.278851
0.279284
0.278867
0.279606
0.279671
0.279494
