0
0.206413
0.263259
0.276862
0.29505
0.310522
0.318363
0.317871
0.3245
0.331704
0.321772
0.321113
0.320565
0.3196
0.318723
0.317818
0.314697
0.312337
0.312771
0.313615
0.31305
0.314561
0.314765
0.310917
0.310449
0.307715
0.307976
0.307599
0.304621
0.304828
0.304389
0.304588
0.302596
0.302517
0.30317
0.303251
0.302201
0.302891
0.303603
0.303896
0.304267
0.304311
0.305334
0.303911
0.303497
0.304379
0.304703
0.303977
0.305102
0.304
0.303862
0.303796
0.30363
0.301363
0.300152
0.300275
0.30031
0.300663
0.300219
0.299297
0.298948
0.299341
0.299597
0.300026
0.299522
0.299208
0.299894
0.29995
0.299343
0.298935
0.299014
0.299614
0.300128
0.29916
0.298985
0.298903
0.298665
0.298071
0.298093
0.297807
0.297178
0.296928
0.297308
0.297452
0.297509
0.296998
0.297137
0.29727
0.297485
0.297384
0.297299
0.297204
0.297539
0.297456
0.29793
0.298093
0.298371
0.298404
0.298111
0.297896
0.297984
