0
0.11976
0.183801
0.21443
0.243434
0.251618
0.268203
0.273379
0.277
0.27984
0.27075
0.271133
0.269048
0.268982
0.26914
0.269747
0.26766
0.26626
0.265309
0.265398
0.266093
0.267652
0.267711
0.264778
0.264573
0.261829
0.261912
0.263044
0.260704
0.259285
0.25975
0.259546
0.257087
0.256754
0.256169
0.255341
0.253848
0.253246
0.252579
0.25339
0.25373
0.25396
0.254453
0.254132
0.253968
0.253904
0.253325
0.253668
0.254853
0.254216
0.254714
0.254542
0.254566
0.253124
0.251687
0.251721
0.252507
0.252965
0.251626
0.251283
0.251378
0.251026
0.251426
0.250928
0.250218
0.250268
0.250465
0.250917
0.250637
0.251053
0.25159
0.251856
0.251821
0.251329
0.251417
0.251202
0.250927
0.250769
0.251283
0.251365
0.250062
0.249983
0.249405
0.249284
0.24871
0.248347
0.247994
0.247982
0.247632
0.247136
0.246959
0.246733
0.247021
0.24696
0.247236
0.2474
0.247426
0.247323
0.24692
0.246913
0.246893
