0.843305
0.838428
0.842105
0.832965
0.831967
0.827434
0.826728
0.826459
0.826955
0.827379
0.812003
0.799748
0.788863
0.781042
0.773229
0.766961
0.761888
0.756748
0.750198
0.746094
0.737468
0.728142
0.718742
0.711705
0.702368
0.695873
0.692393
0.687896
0.6822
0.67586
0.66835
0.661366
0.653054
0.64758
0.641191
0.636676
0.630279
0.624574
0.621123
0.61702
0.611948
0.605498
0.600531
0.595389
0.589774
0.584519
0.579654
0.575909
0.571402
0.566809
0.561006
0.556712
0.552121
0.547787
0.543994
0.539382
0.534873
0.531138
0.526792
0.522484
0.518524
0.515368
0.512565
0.50894
0.504771
0.502087
0.498749
0.495534
0.493041
0.490239
0.487776
0.485517
0.482984
0.479785
0.477274
0.475614
0.473296
0.471206
0.468251
0.46629
0.4645
0.463397
0.461896
0.460199
0.458261
0.457309
0.455744
0.453759
0.45215
0.450594
